State,District,Subdistt,Town/Village,Ward,EB,Level,Name,TRU,No_HH,TOT_P,TOT_M,TOT_F,P_06,M_06,F_06,P_SC,M_SC,F_SC,P_ST,M_ST,F_ST,P_LIT,M_LIT,F_LIT,P_ILL,M_ILL,F_ILL
00,000,00000,000000,0000,000000,India,India,Total,249501663,1210854977,623270258,587584719,164515253,85752254,78762999,201378372,103535314,97843058,104545716,52547215,51998501,763638812,434763622,328875190,447216165,188506636,258709529
00,000,00000,000000,0000,000000,India,India,Rural,168612897,833748852,427781058,405967794,121322865,63084449,58238416,153850848,79118287,74732561,94083844,47263733,46820111,482793835,281361374,201432461,350955017,146419684,204535333
00,000,00000,000000,0000,000000,India,India,Urban,80888766,377106125,195489200,181616925,43192388,22667805,20524583,47527524,24417027,23110497,10461872,5283482,5178390,280844977,153402248,127442729,96261148,42086952,54174196
01,000,00000,000000,0000,000000,STATE,JAMMU & KASHMIR,Total,2119718,12541302,6640662,5900640,2018905,1084355,934550,924991,486232,438759,1493299,776257,717042,7067233,4264671,2802562,5474069,2375991,3098078
01,000,00000,000000,0000,000000,STATE,JAMMU & KASHMIR,Rural,1553433,9108060,4774477,4333583,1593008,854141,738867,751026,392981,358045,1406833,730075,676758,4747950,2891749,1856201,4360110,1882728,2477382
01,000,00000,000000,0000,000000,STATE,JAMMU & KASHMIR,Urban,566285,3433242,1866185,1567057,425897,230214,195683,173965,93251,80714,86466,46182,40284,2319283,1372922,946361,1113959,493263,620696
01,001,00000,000000,0000,000000,DISTRICT,Kupwara,Total,113929,870354,474190,396164,188798,100459,88339,1048,1046,2,70352,36913,33439,439654,282823,156831,430700,191367,239333
01,001,00000,000000,0000,000000,DISTRICT,Kupwara,Rural,101930,765625,412038,353587,169588,90235,79353,872,870,2,68491,35855,32636,374998,238785,136213,390627,173253,217374
01,001,00000,000000,0000,000000,DISTRICT,Kupwara,Urban,11999,104729,62152,42577,19210,10224,8986,176,176,0,1861,1058,803,64656,44038,20618,40073,18114,21959
01,002,00000,000000,0000,000000,DISTRICT,Badgam,Total,103363,753745,398041,355704,155202,84720,70482,368,343,25,23912,12383,11529,335649,207741,127908,418096,190300,227796
01,002,00000,000000,0000,000000,DISTRICT,Badgam,Rural,89417,655833,343385,312448,140608,76753,63855,86,78,8,23293,12025,11268,278265,170641,107624,377568,172744,204824
01,002,00000,000000,0000,000000,DISTRICT,Badgam,Urban,13946,97912,54656,43256,14594,7967,6627,282,265,17,619,358,261,57384,37100,20284,40528,17556,22972
01,003,00000,000000,0000,000000,DISTRICT,Leh(Ladakh),Total,21909,133487,78971,54516,12016,6174,5842,488,444,44,95857,47543,48314,93770,62834,30936,39717,16137,23580
01,003,00000,000000,0000,000000,DISTRICT,Leh(Ladakh),Rural,14905,87816,48411,39405,9053,4684,4369,108,89,19,73789,36318,37471,56789,36062,20727,31027,12349,18678
01,003,00000,000000,0000,000000,DISTRICT,Leh(Ladakh),Urban,7004,45671,30560,15111,2963,1490,1473,380,355,25,22068,11225,10843,36981,26772,10209,8690,3788,4902
01,004,00000,000000,0000,000000,DISTRICT,Kargil,Total,18338,140802,77785,63017,19928,10078,9850,18,12,6,122336,62652,59684,86236,56301,29935,54566,21484,33082
01,004,00000,000000,0000,000000,DISTRICT,Kargil,Rural,16147,124464,67703,56761,18359,9290,9069,10,5,5,110840,56693,54147,73896,47674,26222,50568,20029,30539
01,004,00000,000000,0000,000000,DISTRICT,Kargil,Urban,2191,16338,10082,6256,1569,788,781,8,7,1,11496,5959,5537,12340,8627,3713,3998,1455,2543
01,005,00000,000000,0000,000000,DISTRICT,Punch,Total,90261,476835,251899,224936,84674,44733,39941,556,406,150,176101,90274,85827,261724,163333,98391,215111,88566,126545
01,005,00000,000000,0000,000000,DISTRICT,Punch,Rural,83045,438205,229774,208431,80241,42380,37861,278,248,30,171011,87542,83469,231541,144716,86825,206664,85058,121606
01,005,00000,000000,0000,000000,DISTRICT,Punch,Urban,7216,38630,22125,16505,4433,2353,2080,278,158,120,5090,2732,2358,30183,18617,11566,8447,3508,4939
01,006,00000,000000,0000,000000,DISTRICT,Rajouri,Total,130401,642415,345351,297064,108271,58051,50220,48157,25170,22987,232815,121374,111441,364109,224469,139640,278306,120882,157424
01,006,00000,000000,0000,000000,DISTRICT,Rajouri,Rural,122645,590101,310748,279353,103424,55404,48020,46141,23907,22234,229692,119658,110034,321210,194113,127097,268891,116635,152256
01,006,00000,000000,0000,000000,DISTRICT,Rajouri,Urban,7756,52314,34603,17711,4847,2647,2200,2016,1263,753,3123,1716,1407,42899,30356,12543,9415,4247,5168
01,007,00000,000000,0000,000000,DISTRICT,Kathua,Total,119583,616435,326109,290326,83936,45833,38103,141224,74644,66580,53307,27693,25614,389204,228499,160705,227231,97610,129621
01,007,00000,000000,0000,000000,DISTRICT,Kathua,Rural,101651,526722,278126,248596,74401,40571,33830,119693,63321,56372,52019,27022,24997,320364,189875,130489,206358,88251,118107
01,007,00000,000000,0000,000000,DISTRICT,Kathua,Urban,17932,89713,47983,41730,9535,5262,4273,21531,11323,10208,1288,671,617,68840,38624,30216,20873,9359,11514
01,008,00000,000000,0000,000000,DISTRICT,Baramula,Total,152635,1008039,534733,473306,164581,88321,76260,1476,1451,25,37705,20237,17468,545149,337170,207979,462890,197563,265327
01,008,00000,000000,0000,000000,DISTRICT,Baramula,Rural,125346,825539,432399,393140,142524,76404,66120,323,304,19,36169,19147,17022,423193,260880,162313,402346,171519,230827
01,008,00000,000000,0000,000000,DISTRICT,Baramula,Urban,27289,182500,102334,80166,22057,11917,10140,1153,1147,6,1536,1090,446,121956,76290,45666,60544,26044,34500
01,009,00000,000000,0000,000000,DISTRICT,Bandipore,Total,58392,392232,207680,184552,61754,32641,29113,392,375,17,75374,39398,35976,185979,117058,68921,206253,90622,115631
01,009,00000,000000,0000,000000,DISTRICT,Bandipore,Rural,48794,326871,172263,154608,54137,28596,25541,105,105,0,74515,38899,35616,148187,93233,54954,178684,79030,99654
01,009,00000,000000,0000,000000,DISTRICT,Bandipore,Urban,9598,65361,35417,29944,7617,4045,3572,287,270,17,859,499,360,37792,23825,13967,27569,11592,15977
01,010,00000,000000,0000,000000,DISTRICT,Srinagar,Total,191678,1236829,651124,585705,158300,84897,73403,1068,995,73,8935,5021,3914,748584,431746,316838,488245,219378,268867
01,010,00000,000000,0000,000000,DISTRICT,Srinagar,Rural,2844,17313,8916,8397,2497,1298,1199,0,0,0,3104,1637,1467,7928,4812,3116,9385,4104,5281
01,010,00000,000000,0000,000000,DISTRICT,Srinagar,Urban,188834,1219516,642208,577308,155803,83599,72204,1068,995,73,5831,3384,2447,740656,426934,313722,478860,215274,263586
01,011,00000,000000,0000,000000,DISTRICT,Ganderbal,Total,45361,297446,158720,138726,50594,27159,23435,117,105,12,61070,32554,28516,143276,90581,52695,154170,68139,86031
01,011,00000,000000,0000,000000,DISTRICT,Ganderbal,Rural,38395,250407,133715,116692,42354,22575,19779,85,73,12,60275,32104,28171,117480,74884,42596,132927,58831,74096
01,011,00000,000000,0000,000000,DISTRICT,Ganderbal,Urban,6966,47039,25005,22034,8240,4584,3656,32,32,0,795,450,345,25796,15697,10099,21243,9308,11935
01,012,00000,000000,0000,000000,DISTRICT,Pulwama,Total,86241,560440,293064,267376,97374,53234,44140,402,397,5,22607,11837,10770,293958,178326,115632,266482,114738,151744
01,012,00000,000000,0000,000000,DISTRICT,Pulwama,Rural,75587,479978,248096,231882,83598,45828,37770,52,48,4,22189,11528,10661,245179,147229,97950,234799,100867,133932
01,012,00000,000000,0000,000000,DISTRICT,Pulwama,Urban,10654,80462,44968,35494,13776,7406,6370,350,349,1,418,309,109,48779,31097,17682,31683,13871,17812
01,013,00000,000000,0000,000000,DISTRICT,Shupiyan,Total,44411,266215,136480,129735,41547,22121,19426,43,43,0,21820,11311,10509,136500,80355,56145,129715,56125,73590
01,013,00000,000000,0000,000000,DISTRICT,Shupiyan,Rural,41858,249855,127161,122694,39484,20975,18509,5,5,0,21798,11296,10502,125256,73266,51990,124599,53895,70704
01,013,00000,000000,0000,000000,DISTRICT,Shupiyan,Urban,2553,16360,9319,7041,2063,1146,917,38,38,0,22,15,7,11244,7089,4155,5116,2230,2886
01,014,00000,000000,0000,000000,DISTRICT,Anantnag,Total,153640,1078692,559767,518925,208538,113278,95260,1826,1811,15,116006,60990,55016,545532,324417,221115,533160,235350,297810
01,014,00000,000000,0000,000000,DISTRICT,Anantnag,Rural,117648,795805,411012,384793,161396,87685,73711,1383,1371,12,113575,59636,53939,375859,225013,150846,419946,185999,233947
01,014,00000,000000,0000,000000,DISTRICT,Anantnag,Urban,35992,282887,148755,134132,47142,25593,21549,443,440,3,2431,1354,1077,169673,99404,70269,113214,49351,63863
01,015,00000,000000,0000,000000,DISTRICT,Kulgam,Total,73728,424483,217620,206863,71501,37929,33572,21,11,10,26525,13888,12637,209085,125052,84033,215398,92568,122830
01,015,00000,000000,0000,000000,DISTRICT,Kulgam,Rural,59922,343870,175574,168296,59762,31708,28054,18,8,10,25802,13520,12282,163112,97243,65869,180758,78331,102427
01,015,00000,000000,0000,000000,DISTRICT,Kulgam,Urban,13806,80613,42046,38567,11739,6221,5518,3,3,0,723,368,355,45973,27809,18164,34640,14237,20403
01,016,00000,000000,0000,000000,DISTRICT,Doda,Total,79636,409936,213641,196295,71240,36862,34378,53408,27209,26199,39216,20377,18839,219083,138620,80463,190853,75021,115832
01,016,00000,000000,0000,000000,DISTRICT,Doda,Rural,72917,377247,195430,181817,67207,34659,32548,52339,26659,25680,38601,20016,18585,194550,123819,70731,182697,71611,111086
01,016,00000,000000,0000,000000,DISTRICT,Doda,Urban,6719,32689,18211,14478,4033,2203,1830,1069,550,519,615,361,254,24533,14801,9732,8156,3410,4746
01,017,00000,000000,0000,000000,DISTRICT,Ramban,Total,55490,283713,149132,134581,55092,28625,26467,13920,7168,6752,39772,20940,18832,124065,82938,41127,159648,66194,93454
01,017,00000,000000,0000,000000,DISTRICT,Ramban,Rural,53328,271902,142317,129585,53815,27926,25889,13402,6892,6510,39583,20839,18744,115194,77352,37842,156708,64965,91743
01,017,00000,000000,0000,000000,DISTRICT,Ramban,Urban,2162,11811,6815,4996,1277,699,578,518,276,242,189,101,88,8871,5586,3285,2940,1229,1711
01,018,00000,000000,0000,000000,DISTRICT,Kishtwar,Total,45209,230696,120165,110531,39396,20479,18917,14307,7322,6985,38149,19889,18260,107506,68700,38806,123190,51465,71725
01,018,00000,000000,0000,000000,DISTRICT,Kishtwar,Rural,42499,215831,111986,103845,37769,19608,18161,14020,7163,6857,38069,19840,18229,96112,61934,34178,119719,50052,69667
01,018,00000,000000,0000,000000,DISTRICT,Kishtwar,Urban,2710,14865,8179,6686,1627,871,756,287,159,128,80,49,31,11394,6766,4628,3471,1413,2058
01,019,00000,000000,0000,000000,DISTRICT,Udhampur,Total,99240,554985,296784,258201,84332,44703,39629,138569,72093,66476,56309,29142,27167,322354,197543,124811,232631,99241,133390
01,019,00000,000000,0000,000000,DISTRICT,Udhampur,Rural,78887,446777,232974,213803,73293,38666,34627,122742,63846,58896,53636,27736,25900,236882,144066,92816,209895,88908,120987
01,019,00000,000000,0000,000000,DISTRICT,Udhampur,Urban,20353,108208,63810,44398,11039,6037,5002,15827,8247,7580,2673,1406,1267,85472,53477,31995,22736,10333,12403
01,020,00000,000000,0000,000000,DISTRICT,Reasi,Total,56689,314667,166461,148206,55799,29079,26720,37757,19657,18100,88365,46330,42035,150542,93937,56605,164125,72524,91601
01,020,00000,000000,0000,000000,DISTRICT,Reasi,Rural,51659,287671,151481,136190,52507,27341,25166,33232,17292,15940,86608,45441,41167,131328,82502,48826,156343,68979,87364
01,020,00000,000000,0000,000000,DISTRICT,Reasi,Urban,5030,26996,14980,12016,3292,1738,1554,4525,2365,2160,1757,889,868,19214,11435,7779,7782,3545,4237
01,021,00000,000000,0000,000000,DISTRICT,Jammu,Total,314199,1529958,813821,716137,167363,93242,74121,377991,197610,180381,69193,36323,32870,1137135,641916,495219,392823,171905,220918
01,021,00000,000000,0000,000000,DISTRICT,Jammu,Rural,159291,764945,401603,363342,94101,53058,41043,268098,140062,128036,47138,24647,22491,524881,298200,226681,240064,103403,136661
01,021,00000,000000,0000,000000,DISTRICT,Jammu,Urban,154908,765013,412218,352795,73262,40184,33078,109893,57548,52345,22055,11676,10379,612254,343716,268538,152759,68502,84257
01,022,00000,000000,0000,000000,DISTRICT,Samba,Total,65385,318898,169124,149774,38669,21737,16932,91835,47920,43915,17573,9188,8385,228139,130312,97827,90759,38812,51947
01,022,00000,000000,0000,000000,DISTRICT,Samba,Rural,54718,265283,139365,125918,32890,18497,14393,78034,40635,37399,16636,8676,7960,185746,105450,80296,79537,33915,45622
01,022,00000,000000,0000,000000,DISTRICT,Samba,Urban,10667,53615,29759,23856,5779,3240,2539,13801,7285,6516,937,512,425,42393,24862,17531,11222,4897,6325
02,000,00000,000000,0000,000000,STATE,HIMACHAL PRADESH,Total,1483280,6864602,3481873,3382729,777898,407459,370439,1729252,876300,852952,392126,196118,196008,5039736,2752590,2287146,1824866,729283,1095583
02,000,00000,000000,0000,000000,STATE,HIMACHAL PRADESH,Rural,1312510,6176050,3110345,3065705,712822,372854,339968,1606535,812072,794463,374392,186896,187496,4471736,2437821,2033915,1704314,672524,1031790
02,000,00000,000000,0000,000000,STATE,HIMACHAL PRADESH,Urban,170770,688552,371528,317024,65076,34605,30471,122717,64228,58489,17734,9222,8512,568000,314769,253231,120552,56759,63793
02,023,00000,000000,0000,000000,DISTRICT,Chamba,Total,102460,519080,261320,257760,70359,36024,34335,111690,56154,55536,135500,67900,67600,323842,186064,137778,195238,75256,119982
02,023,00000,000000,0000,000000,DISTRICT,Chamba,Rural,94596,482972,241963,241009,67015,34286,32729,105635,53144,52491,132907,66589,66318,293683,169271,124412,189289,72692,116597
02,023,00000,000000,0000,000000,DISTRICT,Chamba,Urban,7864,36108,19357,16751,3344,1738,1606,6055,3010,3045,2593,1311,1282,30159,16793,13366,5949,2564,3385
02,024,00000,000000,0000,000000,DISTRICT,Kangra,Total,338887,1510075,750591,759484,164607,87741,76866,319385,159697,159688,84564,41745,42819,1152640,606443,546197,357435,144148,213287
02,024,00000,000000,0000,000000,DISTRICT,Kangra,Rural,318379,1423794,705365,718429,156586,83419,73167,304802,152186,152616,80234,39498,40736,1082442,568564,513878,341352,136801,204551
02,024,00000,000000,0000,000000,DISTRICT,Kangra,Urban,20508,86281,45226,41055,8021,4322,3699,14583,7511,7072,4330,2247,2083,70198,37879,32319,16083,7347,8736
02,025,00000,000000,0000,000000,DISTRICT,Lahul & Spiti,Total,6674,31564,16588,14976,3125,1537,1588,2235,1154,1081,25707,12748,12959,21845,12897,8948,9719,3691,6028
02,025,00000,000000,0000,000000,DISTRICT,Lahul & Spiti,Rural,6674,31564,16588,14976,3125,1537,1588,2235,1154,1081,25707,12748,12959,21845,12897,8948,9719,3691,6028
02,025,00000,000000,0000,000000,DISTRICT,Lahul & Spiti,Urban,0,0,0,0,0,0,0,0,0,0,0,0,0,0,0,0,0,0,0
02,026,00000,000000,0000,000000,DISTRICT,Kullu,Total,94807,437903,225452,212451,50431,25707,24724,122659,62686,59973,16822,8493,8329,307672,174550,133122,130231,50902,79329
02,026,00000,000000,0000,000000,DISTRICT,Kullu,Rural,84358,396512,203269,193243,46400,23575,22825,115514,58981,56533,12463,6320,6143,274741,156267,118474,121771,47002,74769
02,026,00000,000000,0000,000000,DISTRICT,Kullu,Urban,10449,41391,22183,19208,4031,2132,1899,7145,3705,3440,4359,2173,2186,32931,18283,14648,8460,3900,4560
02,027,00000,000000,0000,000000,DISTRICT,Mandi,Total,219145,999777,498065,501712,112074,58486,53588,293739,147250,146489,12787,6345,6442,723747,393669,330078,276030,104396,171634
02,027,00000,000000,0000,000000,DISTRICT,Mandi,Rural,203747,937140,466050,471090,106402,55468,50934,280580,140605,139975,12359,6114,6245,671588,366395,305193,265552,99655,165897
02,027,00000,000000,0000,000000,DISTRICT,Mandi,Urban,15398,62637,32015,30622,5672,3018,2654,13159,6645,6514,428,231,197,52159,27274,24885,10478,4741,5737
02,028,00000,000000,0000,000000,DISTRICT,Hamirpur,Total,105519,454768,217070,237698,48548,25722,22826,109256,53727,55529,3044,1531,1513,358091,180555,177536,96677,36515,60162
02,028,00000,000000,0000,000000,DISTRICT,Hamirpur,Rural,98115,423338,200748,222590,45625,24189,21436,103541,50806,52735,2801,1396,1405,331719,166483,165236,91619,34265,57354
02,028,00000,000000,0000,000000,DISTRICT,Hamirpur,Urban,7404,31430,16322,15108,2923,1533,1390,5715,2921,2794,243,135,108,26372,14072,12300,5058,2250,2808
02,029,00000,000000,0000,000000,DISTRICT,Una,Total,110332,521173,263692,257481,59231,31591,27640,115491,58601,56890,8601,4445,4156,399715,213281,186434,121458,50411,71047
02,029,00000,000000,0000,000000,DISTRICT,Una,Rural,100502,476260,240254,236006,54404,29061,25343,108046,54768,53278,8452,4366,4086,364981,194476,170505,111279,45778,65501
02,029,00000,000000,0000,000000,DISTRICT,Una,Urban,9830,44913,23438,21475,4827,2530,2297,7445,3833,3612,149,79,70,34734,18805,15929,10179,4633,5546
02,030,00000,000000,0000,000000,DISTRICT,Bilaspur,Total,80485,381956,192764,189192,41956,22084,19872,98989,50271,48718,10693,5485,5208,287620,155599,132021,94336,37165,57171
02,030,00000,000000,0000,000000,DISTRICT,Bilaspur,Rural,74712,356827,179653,177174,39501,20752,18749,93678,47550,46128,10334,5290,5044,266816,144487,122329,90011,35166,54845
02,030,00000,000000,0000,000000,DISTRICT,Bilaspur,Urban,5773,25129,13111,12018,2455,1332,1123,5311,2721,2590,359,195,164,20804,11112,9692,4325,1999,2326
02,031,00000,000000,0000,000000,DISTRICT,Solan,Total,122425,580320,308754,271566,68137,35884,32253,164536,85482,79054,25645,13351,12294,428578,244372,184206,151742,64382,87360
02,031,00000,000000,0000,000000,DISTRICT,Solan,Rural,96510,478173,249736,228437,57250,30029,27221,148800,76902,71898,24075,12469,11606,346074,195211,150863,132099,54525,77574
02,031,00000,000000,0000,000000,DISTRICT,Solan,Urban,25915,102147,59018,43129,10887,5855,5032,15736,8580,7156,1570,882,688,82504,49161,33343,19643,9857,9786
02,032,00000,000000,0000,000000,DISTRICT,Sirmaur,Total,98208,529855,276289,253566,69620,36107,33513,160745,83017,77728,11262,5912,5350,362645,205617,157028,167210,70672,96538
02,032,00000,000000,0000,000000,DISTRICT,Sirmaur,Rural,85087,472690,246175,226515,63387,32780,30607,149719,77367,72352,10915,5702,5213,316436,180611,135825,156254,65564,90690
02,032,00000,000000,0000,000000,DISTRICT,Sirmaur,Urban,13121,57165,30114,27051,6233,3327,2906,11026,5650,5376,347,210,137,46209,25006,21203,10956,5108,5848
02,033,00000,000000,0000,000000,DISTRICT,Shimla,Total,184362,814010,425039,388971,81564,42376,39188,215777,110828,104949,8755,4554,4201,612642,342846,269796,201368,82193,119175
02,033,00000,000000,0000,000000,DISTRICT,Shimla,Rural,129854,612659,314295,298364,64881,33558,31323,179235,91176,88059,5399,2795,2604,440712,246462,194250,171947,67833,104114
02,033,00000,000000,0000,000000,DISTRICT,Shimla,Urban,54508,201351,110744,90607,16683,8818,7865,36542,19652,16890,3356,1759,1597,171930,96384,75546,29421,14360,15061
02,034,00000,000000,0000,000000,DISTRICT,Kinnaur,Total,19976,84121,46249,37872,8246,4200,4046,14750,7433,7317,48746,23609,25137,60699,36697,24002,23422,9552,13870
02,034,00000,000000,0000,000000,DISTRICT,Kinnaur,Rural,19976,84121,46249,37872,8246,4200,4046,14750,7433,7317,48746,23609,25137,60699,36697,24002,23422,9552,13870
02,034,00000,000000,0000,000000,DISTRICT,Kinnaur,Urban,0,0,0,0,0,0,0,0,0,0,0,0,0,0,0,0,0,0,0
03,000,00000,000000,0000,000000,STATE,PUNJAB,Total,5513071,27743338,14639465,13103873,3076219,1665994,1410225,8860179,4639875,4220304,0,0,0,18707137,10436056,8271081,9036201,4203409,4832792
03,000,00000,000000,0000,000000,STATE,PUNJAB,Rural,3358113,17344192,9093476,8250716,1945502,1055297,890205,6496986,3396329,3100657,0,0,0,10997657,6158807,4838850,6346535,2934669,3411866
03,000,00000,000000,0000,000000,STATE,PUNJAB,Urban,2154958,10399146,5545989,4853157,1130717,610697,520020,2363193,1243546,1119647,0,0,0,7709480,4277249,3432231,2689666,1268740,1420926
03,035,00000,000000,0000,000000,DISTRICT,Gurdaspur,Total,443666,2298323,1212617,1085706,253579,139261,114318,580576,304894,275682,0,0,0,1634719,907660,727059,663604,304957,358647
03,035,00000,000000,0000,000000,DISTRICT,Gurdaspur,Rural,312300,1639004,855784,783220,188167,103316,84851,435930,228541,207389,0,0,0,1116537,616852,499685,522467,238932,283535
03,035,00000,000000,0000,000000,DISTRICT,Gurdaspur,Urban,131366,659319,356833,302486,65412,35945,29467,144646,76353,68293,0,0,0,518182,290808,227374,141137,66025,75112
03,036,00000,000000,0000,000000,DISTRICT,Kapurthala ,Total,167989,815168,426311,388857,86025,45973,40052,276707,143901,132806,0,0,0,576567,316254,260313,238601,110057,128544
03,036,00000,000000,0000,000000,DISTRICT,Kapurthala ,Rural,107710,532706,275932,256774,57353,30852,26501,212013,110167,101846,0,0,0,360776,196919,163857,171930,79013,92917
03,036,00000,000000,0000,000000,DISTRICT,Kapurthala ,Urban,60279,282462,150379,132083,28672,15121,13551,64694,33734,30960,0,0,0,215791,119335,96456,66671,31044,35627
03,037,00000,000000,0000,000000,DISTRICT,Jalandhar,Total,461635,2193590,1145211,1048379,226302,120740,105562,854444,442124,412320,0,0,0,1622537,882581,739956,571053,262630,308423
03,037,00000,000000,0000,000000,DISTRICT,Jalandhar,Rural,213682,1032419,528790,503629,105196,55813,49383,515342,264466,250876,0,0,0,728134,392867,335267,304285,135923,168362
03,037,00000,000000,0000,000000,DISTRICT,Jalandhar,Urban,247953,1161171,616421,544750,121106,64927,56179,339102,177658,161444,0,0,0,894403,489714,404689,266768,126707,140061
03,038,00000,000000,0000,000000,DISTRICT,Hoshiarpur,Total,336994,1586625,809057,777568,168331,90280,78051,557504,284322,273182,0,0,0,1199699,637927,561772,386926,171130,215796
03,038,00000,000000,0000,000000,DISTRICT,Hoshiarpur,Rural,264831,1251656,634470,617186,134056,71880,62176,465037,236295,228742,0,0,0,935835,496632,439203,315821,137838,177983
03,038,00000,000000,0000,000000,DISTRICT,Hoshiarpur,Urban,72163,334969,174587,160382,34275,18400,15875,92467,48027,44440,0,0,0,263864,141295,122569,71105,33292,37813
03,039,00000,000000,0000,000000,DISTRICT,Shahid Bhagat Singh Nagar ,Total,129500,612310,313291,299019,62719,33278,29441,260284,133035,127249,0,0,0,438459,239155,199304,173851,74136,99715
03,039,00000,000000,0000,000000,DISTRICT,Shahid Bhagat Singh Nagar ,Rural,102766,486894,248118,238776,49364,26208,23156,212889,108494,104395,0,0,0,345595,188612,156983,141299,59506,81793
03,039,00000,000000,0000,000000,DISTRICT,Shahid Bhagat Singh Nagar ,Urban,26734,125416,65173,60243,13355,7070,6285,47395,24541,22854,0,0,0,92864,50543,42321,32552,14630,17922
03,040,00000,000000,0000,000000,DISTRICT,Fatehgarh Sahib,Total,118100,600163,320795,279368,63271,34340,28931,192493,101882,90611,0,0,0,426033,238696,187337,174130,82099,92031
03,040,00000,000000,0000,000000,DISTRICT,Fatehgarh Sahib,Rural,78997,414681,220050,194631,42785,23310,19475,154570,81690,72880,0,0,0,288340,160922,127418,126341,59128,67213
03,040,00000,000000,0000,000000,DISTRICT,Fatehgarh Sahib,Urban,39103,185482,100745,84737,20486,11030,9456,37923,20192,17731,0,0,0,137693,77774,59919,47789,22971,24818
03,041,00000,000000,0000,000000,DISTRICT,Ludhiana,Total,716826,3498739,1867816,1630923,384114,206502,177612,923358,487839,435519,0,0,0,2560225,1428348,1131877,938514,439468,499046
03,041,00000,000000,0000,000000,DISTRICT,Ludhiana,Rural,280796,1429031,753444,675587,148970,80113,68857,559471,294159,265312,0,0,0,1002069,557296,444773,426962,196148,230814
03,041,00000,000000,0000,000000,DISTRICT,Ludhiana,Urban,436030,2069708,1114372,955336,235144,126389,108755,363887,193680,170207,0,0,0,1558156,871052,687104,511552,243320,268232
03,042,00000,000000,0000,000000,DISTRICT,Moga,Total,193256,995746,525920,469826,107336,57694,49642,363417,192418,170999,0,0,0,627889,348549,279340,367857,177371,190486
03,042,00000,000000,0000,000000,DISTRICT,Moga,Rural,147298,768500,405704,362796,82614,44351,38263,307098,162624,144474,0,0,0,468003,260725,207278,300497,144979,155518
03,042,00000,000000,0000,000000,DISTRICT,Moga,Urban,45958,227246,120216,107030,24722,13343,11379,56319,29794,26525,0,0,0,159886,87824,72062,67360,32392,34968
03,043,00000,000000,0000,000000,DISTRICT,Firozpur,Total,385994,2029074,1071637,957437,248103,134319,113784,855726,445461,410265,0,0,0,1227511,707070,520441,801563,364567,436996
03,043,00000,000000,0000,000000,DISTRICT,Firozpur,Rural,276967,1476518,776208,700310,185699,100505,85194,709922,369036,340886,0,0,0,840820,489462,351358,635698,286746,348952
03,043,00000,000000,0000,000000,DISTRICT,Firozpur,Urban,109027,552556,295429,257127,62404,33814,28590,145804,76425,69379,0,0,0,386691,217608,169083,165865,77821,88044
03,044,00000,000000,0000,000000,DISTRICT,Muktsar,Total,174360,901896,475622,426274,104419,57020,47399,381554,200473,181081,0,0,0,524848,300401,224447,377048,175221,201827
03,044,00000,000000,0000,000000,DISTRICT,Muktsar,Rural,124124,649705,342202,307503,74581,40700,33881,295179,155136,140043,0,0,0,355161,204933,150228,294544,137269,157275
03,044,00000,000000,0000,000000,DISTRICT,Muktsar,Urban,50236,252191,133420,118771,29838,16320,13518,86375,45337,41038,0,0,0,169687,95468,74219,82504,37952,44552
03,045,00000,000000,0000,000000,DISTRICT,Faridkot,Total,120893,617508,326671,290837,69311,37454,31857,240328,126567,113761,0,0,0,381285,215767,165518,236223,110904,125319
03,045,00000,000000,0000,000000,DISTRICT,Faridkot,Rural,76728,400457,210782,189675,44722,24118,20604,171199,90303,80896,0,0,0,229799,130300,99499,170658,80482,90176
03,045,00000,000000,0000,000000,DISTRICT,Faridkot,Urban,44165,217051,115889,101162,24589,13336,11253,69129,36264,32865,0,0,0,151486,85467,66019,65565,30422,35143
03,046,00000,000000,0000,000000,DISTRICT,Bathinda,Total,273902,1388525,743197,645328,151145,81533,69612,450473,236936,213537,0,0,0,844868,488261,356607,543657,254936,288721
03,046,00000,000000,0000,000000,DISTRICT,Bathinda,Rural,171292,889308,474484,414824,94372,50967,43405,321533,169244,152289,0,0,0,493192,287532,205660,396116,186952,209164
03,046,00000,000000,0000,000000,DISTRICT,Bathinda,Urban,102610,499217,268713,230504,56773,30566,26207,128940,67692,61248,0,0,0,351676,200729,150947,147541,67984,79557
03,047,00000,000000,0000,000000,DISTRICT,Mansa,Total,149630,769751,408732,361019,84763,46177,38586,258878,136311,122567,0,0,0,423560,244037,179523,346191,164695,181496
03,047,00000,000000,0000,000000,DISTRICT,Mansa,Rural,117232,606147,322184,283963,66799,36305,30494,217553,114644,102909,0,0,0,313244,182103,131141,292903,140081,152822
03,047,00000,000000,0000,000000,DISTRICT,Mansa,Urban,32398,163604,86548,77056,17964,9872,8092,41325,21667,19658,0,0,0,110316,61934,48382,53288,24614,28674
03,048,00000,000000,0000,000000,DISTRICT,Patiala,Total,372293,1895686,1002522,893164,212892,115917,96975,465359,244503,220856,0,0,0,1266791,711052,555739,628895,291470,337425
03,048,00000,000000,0000,000000,DISTRICT,Patiala,Rural,214257,1132406,598800,533606,134494,73596,60898,348587,183424,165163,0,0,0,688838,393440,295398,443568,205360,238208
03,048,00000,000000,0000,000000,DISTRICT,Patiala,Urban,158036,763280,403722,359558,78398,42321,36077,116772,61079,55693,0,0,0,577953,317612,260341,185327,86110,99217
03,049,00000,000000,0000,000000,DISTRICT,Amritsar ,Total,488898,2490656,1318408,1172248,281795,154351,127444,770864,405977,364887,0,0,0,1684770,932981,751789,805886,385427,420459
03,049,00000,000000,0000,000000,DISTRICT,Amritsar ,Rural,214993,1156045,607266,548779,142172,77869,64303,464984,244254,220730,0,0,0,689447,386035,303412,466598,221231,245367
03,049,00000,000000,0000,000000,DISTRICT,Amritsar ,Urban,273905,1334611,711142,623469,139623,76482,63141,305880,161723,144157,0,0,0,995323,546946,448377,339288,164196,175092
03,050,00000,000000,0000,000000,DISTRICT,Tarn Taran,Total,203421,1119627,589369,530258,137223,75382,61841,377468,198715,178753,0,0,0,666162,376427,289735,453465,212942,240523
03,050,00000,000000,0000,000000,DISTRICT,Tarn Taran,Rural,176669,977832,514322,463510,120988,66536,54452,339558,178817,160741,0,0,0,570113,323165,246948,407719,191157,216562
03,050,00000,000000,0000,000000,DISTRICT,Tarn Taran,Urban,26752,141795,75047,66748,16235,8846,7389,37910,19898,18012,0,0,0,96049,53262,42787,45746,21785,23961
03,051,00000,000000,0000,000000,DISTRICT,Rupnagar,Total,135635,684627,357485,327142,72926,39152,33774,180905,94334,86571,0,0,0,502731,278534,224197,181896,78951,102945
03,051,00000,000000,0000,000000,DISTRICT,Rupnagar,Rural,97827,506820,264089,242731,55079,29629,25450,138597,72349,66248,0,0,0,364922,203376,161546,141898,60713,81185
03,051,00000,000000,0000,000000,DISTRICT,Rupnagar,Urban,37808,177807,93396,84411,17847,9523,8324,42308,21985,20323,0,0,0,137809,75158,62651,39998,18238,21760
03,052,00000,000000,0000,000000,DISTRICT,Sahibzada Ajit Singh Nagar,Total,205411,994628,529253,465375,115644,62808,52836,216231,114383,101848,0,0,0,736575,409944,326631,258053,119309,138744
03,052,00000,000000,0000,000000,DISTRICT,Sahibzada Ajit Singh Nagar,Rural,85123,450017,240984,209033,53006,29111,23895,132713,70327,62386,0,0,0,313569,178533,135036,136448,62451,73997
03,052,00000,000000,0000,000000,DISTRICT,Sahibzada Ajit Singh Nagar,Urban,120288,544611,288269,256342,62638,33697,28941,83518,44056,39462,0,0,0,423006,231411,191595,121605,56858,64747
03,053,00000,000000,0000,000000,DISTRICT,Sangrur,Total,318870,1655169,878029,777140,181334,98547,82787,461609,244231,217378,0,0,0,1002077,570413,431664,653092,307616,345476
03,053,00000,000000,0000,000000,DISTRICT,Sangrur,Rural,217864,1139204,604653,534551,122324,66967,55357,361376,191723,169653,0,0,0,658857,377587,281270,480347,227066,253281
03,053,00000,000000,0000,000000,DISTRICT,Sangrur,Urban,101006,515965,273376,242589,59010,31580,27430,100233,52508,47725,0,0,0,343220,192826,150394,172745,80550,92195
03,054,00000,000000,0000,000000,DISTRICT,Barnala,Total,115798,595527,317522,278005,64987,35266,29721,192001,101569,90432,0,0,0,359831,201999,157832,235696,115523,120173
03,054,00000,000000,0000,000000,DISTRICT,Barnala,Rural,76657,404842,215210,189632,42761,23151,19610,133435,70636,62799,0,0,0,234406,131516,102890,170436,83694,86742
03,054,00000,000000,0000,000000,DISTRICT,Barnala,Urban,39141,190685,102312,88373,22226,12115,10111,58566,30933,27633,0,0,0,125425,70483,54942,65260,31829,33431
04,000,00000,000000,0000,000000,STATE,CHANDIGARH,Total,241173,1055450,580663,474787,119434,63536,55898,199086,106356,92730,0,0,0,805438,465346,340092,250012,115317,134695
04,000,00000,000000,0000,000000,STATE,CHANDIGARH,Rural,7140,28991,17150,11841,4270,2282,1988,4974,2776,2198,0,0,0,19961,12752,7209,9030,4398,4632
04,000,00000,000000,0000,000000,STATE,CHANDIGARH,Urban,234033,1026459,563513,462946,115164,61254,53910,194112,103580,90532,0,0,0,785477,452594,332883,240982,110919,130063
04,055,00000,000000,0000,000000,DISTRICT,Chandigarh,Total,241173,1055450,580663,474787,119434,63536,55898,199086,106356,92730,0,0,0,805438,465346,340092,250012,115317,134695
04,055,00000,000000,0000,000000,DISTRICT,Chandigarh,Rural,7140,28991,17150,11841,4270,2282,1988,4974,2776,2198,0,0,0,19961,12752,7209,9030,4398,4632
04,055,00000,000000,0000,000000,DISTRICT,Chandigarh,Urban,234033,1026459,563513,462946,115164,61254,53910,194112,103580,90532,0,0,0,785477,452594,332883,240982,110919,130063
05,000,00000,000000,0000,000000,STATE,UTTARAKHAND,Total,2056975,10086292,5137773,4948519,1355814,717199,638615,1892516,968586,923930,291903,148669,143234,6880953,3863708,3017245,3205339,1274065,1931274
05,000,00000,000000,0000,000000,STATE,UTTARAKHAND,Rural,1425086,7036954,3519042,3517912,990776,521792,468984,1496665,761103,735562,264819,134691,130128,4614050,2596171,2017879,2422904,922871,1500033
05,000,00000,000000,0000,000000,STATE,UTTARAKHAND,Urban,631889,3049338,1618731,1430607,365038,195407,169631,395851,207483,188368,27084,13978,13106,2266903,1267537,999366,782435,351194,431241
05,056,00000,000000,0000,000000,DISTRICT,Uttarkashi,Total,67602,330086,168597,161489,46307,24165,22142,80567,40833,39734,3512,1651,1861,215126,128237,86889,114960,40360,74600
05,056,00000,000000,0000,000000,DISTRICT,Uttarkashi,Rural,61914,305781,155375,150406,43663,22691,20972,76875,38936,37939,3374,1581,1793,195909,117095,78814,109872,38280,71592
05,056,00000,000000,0000,000000,DISTRICT,Uttarkashi,Urban,5688,24305,13222,11083,2644,1474,1170,3692,1897,1795,138,70,68,19217,11142,8075,5088,2080,3008
05,057,00000,000000,0000,000000,DISTRICT,Chamoli,Total,88964,391605,193991,197614,52161,27609,24552,79317,39718,39599,12260,6021,6239,280556,155395,125161,111049,38596,72453
05,057,00000,000000,0000,000000,DISTRICT,Chamoli,Rural,74318,332209,160369,171840,45217,23813,21404,68000,33757,34243,9046,4457,4589,232303,126871,105432,99906,33498,66408
05,057,00000,000000,0000,000000,DISTRICT,Chamoli,Urban,14646,59396,33622,25774,6944,3796,3148,11317,5961,5356,3214,1564,1650,48253,28524,19729,11143,5098,6045
05,058,00000,000000,0000,000000,DISTRICT,Rudraprayag,Total,53542,242285,114589,127696,32046,16823,15223,47679,23585,24094,386,217,169,170933,91803,79130,71352,22786,48566
05,058,00000,000000,0000,000000,DISTRICT,Rudraprayag,Rural,50882,232360,108740,123620,30995,16240,14755,46279,22823,23456,309,169,140,162944,86853,76091,69416,21887,47529
05,058,00000,000000,0000,000000,DISTRICT,Rudraprayag,Urban,2660,9925,5849,4076,1051,583,468,1400,762,638,77,48,29,7989,4950,3039,1936,899,1037
05,059,00000,000000,0000,000000,DISTRICT,Tehri Garhwal,Total,132714,618931,297986,320945,84657,44634,40023,102130,50371,51759,875,459,416,407994,227406,180588,210937,70580,140357
05,059,00000,000000,0000,000000,DISTRICT,Tehri Garhwal,Rural,115691,548792,259381,289411,76718,40333,36385,94628,46327,48301,630,312,318,352776,195356,157420,196016,64025,131991
05,059,00000,000000,0000,000000,DISTRICT,Tehri Garhwal,Urban,17023,70139,38605,31534,7939,4301,3638,7502,4044,3458,245,147,98,55218,32050,23168,14921,6555,8366
05,060,00000,000000,0000,000000,DISTRICT,Dehradun,Total,347001,1696694,892199,804495,201652,106746,94906,228901,120430,108471,111663,58264,53399,1259506,702216,557290,437188,189983,247205
05,060,00000,000000,0000,000000,DISTRICT,Dehradun,Rural,144112,754753,392891,361862,99957,52203,47754,119123,62548,56575,101475,52825,48650,517836,292382,225454,236917,100509,136408
05,060,00000,000000,0000,000000,DISTRICT,Dehradun,Urban,202889,941941,499308,442633,101695,54543,47152,109778,57882,51896,10188,5439,4749,741670,409834,331836,200271,89474,110797
05,061,00000,000000,0000,000000,DISTRICT,Garhwal,Total,161778,687271,326829,360442,83901,44055,39846,122361,59842,62519,2215,1174,1041,494889,262148,232741,192382,64681,127701
05,061,00000,000000,0000,000000,DISTRICT,Garhwal,Rural,136180,574568,268029,306539,71170,37212,33958,109576,53278,56298,1952,1018,934,404558,213355,191203,170010,54674,115336
05,061,00000,000000,0000,000000,DISTRICT,Garhwal,Urban,25598,112703,58800,53903,12731,6843,5888,12785,6564,6221,263,156,107,90331,48793,41538,22372,10007,12365
05,062,00000,000000,0000,000000,DISTRICT,Pithoragarh,Total,114730,483439,239306,244133,63293,34853,28440,120378,60111,60267,19535,9558,9977,345550,189623,155927,137889,49683,88206
05,062,00000,000000,0000,000000,DISTRICT,Pithoragarh,Rural,96971,413834,202930,210904,54900,29986,24914,109541,54528,55013,15915,7822,8093,289256,159729,129527,124578,43201,81377
05,062,00000,000000,0000,000000,DISTRICT,Pithoragarh,Urban,17759,69605,36376,33229,8393,4867,3526,10837,5583,5254,3620,1736,1884,56294,29894,26400,13311,6482,6829
05,063,00000,000000,0000,000000,DISTRICT,Bageshwar,Total,58046,259898,124326,135572,35560,18679,16881,72061,35623,36438,1982,971,1011,179483,97546,81937,80415,26780,53635
05,063,00000,000000,0000,000000,DISTRICT,Bageshwar,Rural,55992,250819,119615,131204,34545,18129,16416,69842,34489,35353,1874,916,958,172166,93588,78578,78653,26027,52626
05,063,00000,000000,0000,000000,DISTRICT,Bageshwar,Urban,2054,9079,4711,4368,1015,550,465,2219,1134,1085,108,55,53,7317,3958,3359,1762,753,1009
05,064,00000,000000,0000,000000,DISTRICT,Almora,Total,140577,622506,291081,331425,80082,41672,38410,150995,72695,78300,1281,633,648,436497,231604,204893,186009,59477,126532
05,064,00000,000000,0000,000000,DISTRICT,Almora,Rural,125209,560192,257359,302833,74375,38605,35770,140931,67619,73312,750,364,386,383089,201819,181270,177103,55540,121563
05,064,00000,000000,0000,000000,DISTRICT,Almora,Urban,15368,62314,33722,28592,5707,3067,2640,10064,5076,4988,531,269,262,53408,29785,23623,8906,3937,4969
05,065,00000,000000,0000,000000,DISTRICT,Champawat,Total,53953,259648,131125,128523,37028,19766,17262,47383,24188,23195,1339,777,562,177726,102015,75711,81922,29110,52812
05,065,00000,000000,0000,000000,DISTRICT,Champawat,Rural,45741,221305,110842,110463,32342,17198,15144,41725,21262,20463,1084,640,444,149910,86379,63531,71395,24463,46932
05,065,00000,000000,0000,000000,DISTRICT,Champawat,Urban,8212,38343,20283,18060,4686,2568,2118,5658,2926,2732,255,137,118,27816,15636,12180,10527,4647,5880
05,066,00000,000000,0000,000000,DISTRICT,Nainital,Total,191383,954605,493666,460939,124272,65337,58935,191206,98824,92382,7495,3801,3694,696500,385779,310721,258105,107887,150218
05,066,00000,000000,0000,000000,DISTRICT,Nainital,Rural,114954,582871,299257,283614,79212,41526,37686,137906,71137,66769,5780,2934,2846,417970,234254,183716,164901,65003,99898
05,066,00000,000000,0000,000000,DISTRICT,Nainital,Urban,76429,371734,194409,177325,45060,23811,21249,53300,27687,25613,1715,867,848,278530,151525,127005,93204,42884,50320
05,067,00000,000000,0000,000000,DISTRICT,Udham Singh Nagar,Total,308581,1648902,858783,790119,229162,120687,108475,238264,124385,113879,123037,61758,61279,1037839,598525,439314,611063,260258,350805
05,067,00000,000000,0000,000000,DISTRICT,Udham Singh Nagar,Rural,198645,1062142,550470,511672,149886,78825,71061,174919,91263,83656,117381,58843,58538,652717,379437,273280,409425,171033,238392
05,067,00000,000000,0000,000000,DISTRICT,Udham Singh Nagar,Urban,109936,586760,308313,278447,79276,41862,37414,63345,33122,30223,5656,2915,2741,385122,219088,166034,201638,89225,112413
05,068,00000,000000,0000,000000,DISTRICT,Hardwar,Total,338104,1890422,1005295,885127,285693,152173,133520,411274,217981,193293,6323,3385,2938,1178354,691411,486943,712068,313884,398184
05,068,00000,000000,0000,000000,DISTRICT,Hardwar,Rural,204477,1197328,633784,563544,197796,105031,92765,307320,163136,144184,5249,2810,2439,682616,409053,273563,514712,224731,289981
05,068,00000,000000,0000,000000,DISTRICT,Hardwar,Urban,133627,693094,371511,321583,87897,47142,40755,103954,54845,49109,1074,575,499,495738,282358,213380,197356,89153,108203
06,000,00000,000000,0000,000000,STATE,HARYANA,Total,4857524,25351462,13494734,11856728,3380721,1843109,1537612,5113615,2709656,2403959,0,0,0,16598988,9794067,6804921,8752474,3700667,5051807
06,000,00000,000000,0000,000000,STATE,HARYANA,Rural,3043756,16509359,8774006,7735353,2285112,1245090,1040022,3720109,1973294,1746815,0,0,0,10158442,6140099,4018343,6350917,2633907,3717010
06,000,00000,000000,0000,000000,STATE,HARYANA,Urban,1813768,8842103,4720728,4121375,1095609,598019,497590,1393506,736362,657144,0,0,0,6440546,3653968,2786578,2401557,1066760,1334797
06,069,00000,000000,0000,000000,DISTRICT,Panchkula,Total,117107,561293,299679,261614,66302,35583,30719,101830,53868,47962,0,0,0,405318,229862,175456,155975,69817,86158
06,069,00000,000000,0000,000000,DISTRICT,Panchkula,Rural,46154,248063,133153,114910,32010,17107,14903,51484,27259,24225,0,0,0,163427,95926,67501,84636,37227,47409
06,069,00000,000000,0000,000000,DISTRICT,Panchkula,Urban,70953,313230,166526,146704,34292,18476,15816,50346,26609,23737,0,0,0,241891,133936,107955,71339,32590,38749
06,070,00000,000000,0000,000000,DISTRICT,Ambala,Total,224334,1128350,598703,529647,127689,70541,57148,296246,156874,139372,0,0,0,818025,461288,356737,310325,137415,172910
06,070,00000,000000,0000,000000,DISTRICT,Ambala,Rural,117702,627576,331703,295873,74425,41467,32958,208224,110736,97488,0,0,0,426642,244282,182360,200934,87421,113513
06,070,00000,000000,0000,000000,DISTRICT,Ambala,Urban,106632,500774,267000,233774,53264,29074,24190,88022,46138,41884,0,0,0,391383,217006,174377,109391,49994,59397
06,071,00000,000000,0000,000000,DISTRICT,Yamunanagar,Total,235423,1214205,646718,567487,146789,80393,66396,306743,163200,143543,0,0,0,832457,474793,357664,381748,171925,209823
06,071,00000,000000,0000,000000,DISTRICT,Yamunanagar,Rural,136652,741376,393957,347419,93904,51380,42524,233513,124252,109261,0,0,0,477813,276833,200980,263563,117124,146439
06,071,00000,000000,0000,000000,DISTRICT,Yamunanagar,Urban,98771,472829,252761,220068,52885,29013,23872,73230,38948,34282,0,0,0,354644,197960,156684,118185,54801,63384
06,072,00000,000000,0000,000000,DISTRICT,Kurukshetra,Total,188143,964655,510976,453679,116957,64320,52637,215128,113311,101817,0,0,0,646893,370828,276065,317762,140148,177614
06,072,00000,000000,0000,000000,DISTRICT,Kurukshetra,Rural,130824,685430,361020,324410,86773,47734,39039,173560,91213,82347,0,0,0,437671,253287,184384,247759,107733,140026
06,072,00000,000000,0000,000000,DISTRICT,Kurukshetra,Urban,57319,279225,149956,129269,30184,16586,13598,41568,22098,19470,0,0,0,209222,117541,91681,70003,32415,37588
06,073,00000,000000,0000,000000,DISTRICT,Kaithal,Total,204274,1074304,571003,503301,139393,76258,63135,247513,131486,116027,0,0,0,646529,385782,260747,427775,185221,242554
06,073,00000,000000,0000,000000,DISTRICT,Kaithal,Rural,158019,838293,445931,392362,110499,60425,50074,202878,107815,95063,0,0,0,485223,293066,192157,353070,152865,200205
06,073,00000,000000,0000,000000,DISTRICT,Kaithal,Urban,46255,236011,125072,110939,28894,15833,13061,44635,23671,20964,0,0,0,161306,92716,68590,74705,32356,42349
06,074,00000,000000,0000,000000,DISTRICT,Karnal,Total,292084,1505324,797712,707612,196610,107797,88813,339604,179681,159923,0,0,0,978013,564516,413497,527311,233196,294115
06,074,00000,000000,0000,000000,DISTRICT,Karnal,Rural,198594,1050514,557110,493404,142691,78011,64680,259520,137535,121985,0,0,0,647883,380886,266997,402631,176224,226407
06,074,00000,000000,0000,000000,DISTRICT,Karnal,Urban,93490,454810,240602,214208,53919,29786,24133,80084,42146,37938,0,0,0,330130,183630,146500,124680,56972,67708
06,075,00000,000000,0000,000000,DISTRICT,Panipat,Total,235640,1205437,646857,558580,169662,92380,77282,206213,109695,96518,0,0,0,786599,464136,322463,418838,182721,236117
06,075,00000,000000,0000,000000,DISTRICT,Panipat,Rural,121876,650352,349642,300710,94584,51786,42798,130212,69446,60766,0,0,0,402944,243714,159230,247408,105928,141480
06,075,00000,000000,0000,000000,DISTRICT,Panipat,Urban,113764,555085,297215,257870,75078,40594,34484,76001,40249,35752,0,0,0,383655,220422,163233,171430,76793,94637
06,076,00000,000000,0000,000000,DISTRICT,Sonipat,Total,277726,1450001,781299,668702,188262,104693,83569,269935,144516,125419,0,0,0,998316,589881,408435,451685,191418,260267
06,076,00000,000000,0000,000000,DISTRICT,Sonipat,Rural,187552,996637,538750,457887,132007,73328,58679,192682,103444,89238,0,0,0,665141,400112,265029,331496,138638,192858
06,076,00000,000000,0000,000000,DISTRICT,Sonipat,Urban,90174,453364,242549,210815,56255,31365,24890,77253,41072,36181,0,0,0,333175,189769,143406,120189,52780,67409
06,077,00000,000000,0000,000000,DISTRICT,Jind,Total,249736,1334152,713006,621146,168554,91710,76844,282351,150940,131411,0,0,0,832758,502049,330709,501394,210957,290437
06,077,00000,000000,0000,000000,DISTRICT,Jind,Rural,190875,1028569,550519,478050,131390,71437,59953,228804,122596,106208,0,0,0,617715,377967,239748,410854,172552,238302
06,077,00000,000000,0000,000000,DISTRICT,Jind,Urban,58861,305583,162487,143096,37164,20273,16891,53547,28344,25203,0,0,0,215043,124082,90961,90540,38405,52135
06,078,00000,000000,0000,000000,DISTRICT,Fatehabad,Total,180637,942011,495360,446651,121024,65279,55745,284357,149111,135246,0,0,0,557578,327471,230107,384433,167889,216544
06,078,00000,000000,0000,000000,DISTRICT,Fatehabad,Rural,145137,762423,400814,361609,99259,53426,45833,239215,125461,113754,0,0,0,434531,258814,175717,327892,142000,185892
06,078,00000,000000,0000,000000,DISTRICT,Fatehabad,Urban,35500,179588,94546,85042,21765,11853,9912,45142,23650,21492,0,0,0,123047,68657,54390,56541,25889,30652
06,079,00000,000000,0000,000000,DISTRICT,Sirsa,Total,246571,1295189,682582,612607,157667,84684,72983,387381,202430,184951,0,0,0,782897,456968,325929,512292,225614,286678
06,079,00000,000000,0000,000000,DISTRICT,Sirsa,Rural,183495,975941,514177,461764,120421,64422,55999,312059,163211,148848,0,0,0,559635,331990,227645,416306,182187,234119
06,079,00000,000000,0000,000000,DISTRICT,Sirsa,Urban,63076,319248,168405,150843,37246,20262,16984,75322,39219,36103,0,0,0,223262,124978,98284,95986,43427,52559
06,080,00000,000000,0000,000000,DISTRICT,Hisar,Total,335608,1743931,931562,812369,215167,116229,98938,408785,217338,191447,0,0,0,1114311,670200,444111,629620,261362,368258
06,080,00000,000000,0000,000000,DISTRICT,Hisar,Rural,225651,1190443,634139,556304,150650,81222,69428,302577,161528,141049,0,0,0,714796,439026,275770,475647,195113,280534
06,080,00000,000000,0000,000000,DISTRICT,Hisar,Urban,109957,553488,297423,256065,64517,35007,29510,106208,55810,50398,0,0,0,399515,231174,168341,153973,66249,87724
06,081,00000,000000,0000,000000,DISTRICT,Bhiwani,Total,311380,1634445,866672,767773,212011,115756,96255,341162,181475,159687,0,0,0,1069871,643158,426713,564574,223514,341060
06,081,00000,000000,0000,000000,DISTRICT,Bhiwani,Rural,248136,1313123,696212,616911,172608,94039,78569,274877,146464,128413,0,0,0,840162,511763,328399,472961,184449,288512
06,081,00000,000000,0000,000000,DISTRICT,Bhiwani,Urban,63244,321322,170460,150862,39403,21717,17686,66285,35011,31274,0,0,0,229709,131395,98314,91613,39065,52548
06,082,00000,000000,0000,000000,DISTRICT,Rohtak,Total,206988,1061204,568479,492725,129330,71041,58289,216889,115573,101316,0,0,0,747582,436025,311557,313622,132454,181168
06,082,00000,000000,0000,000000,DISTRICT,Rohtak,Rural,117450,615040,332034,283006,77793,42691,35102,134935,72114,62821,0,0,0,412667,248850,163817,202373,83184,119189
06,082,00000,000000,0000,000000,DISTRICT,Rohtak,Urban,89538,446164,236445,209719,51537,28350,23187,81954,43459,38495,0,0,0,334915,187175,147740,111249,49270,61979
06,083,00000,000000,0000,000000,DISTRICT,Jhajjar,Total,185334,958405,514667,443738,120051,67380,52671,170448,90856,79592,0,0,0,676091,399480,276611,282314,115187,167127
06,083,00000,000000,0000,000000,DISTRICT,Jhajjar,Rural,136503,715066,384219,330847,89704,50465,39239,130913,69894,61019,0,0,0,496455,296833,199622,218611,87386,131225
06,083,00000,000000,0000,000000,DISTRICT,Jhajjar,Urban,48831,243339,130448,112891,30347,16915,13432,39535,20962,18573,0,0,0,179636,102647,76989,63703,27801,35902
06,084,00000,000000,0000,000000,DISTRICT,Mahendragarh,Total,171712,922088,486665,435423,111181,62638,48543,156314,82420,73894,0,0,0,630255,380440,249815,291833,106225,185608
06,084,00000,000000,0000,000000,DISTRICT,Mahendragarh,Rural,147122,789233,416358,372875,95381,53778,41603,136311,72014,64297,0,0,0,533442,324741,208701,255791,91617,164174
06,084,00000,000000,0000,000000,DISTRICT,Mahendragarh,Urban,24590,132855,70307,62548,15800,8860,6940,20003,10406,9597,0,0,0,96813,55699,41114,36042,14608,21434
06,085,00000,000000,0000,000000,DISTRICT,Rewari,Total,178043,900332,474335,425997,113893,63743,50150,182606,95571,87035,0,0,0,636947,375453,261494,263385,98882,164503
06,085,00000,000000,0000,000000,DISTRICT,Rewari,Rural,130299,666902,349710,317192,84052,47154,36898,140637,73617,67020,0,0,0,464452,276558,187894,202450,73152,129298
06,085,00000,000000,0000,000000,DISTRICT,Rewari,Urban,47744,233430,124625,108805,29841,16589,13252,41969,21954,20015,0,0,0,172495,98895,73600,60935,25730,35205
06,086,00000,000000,0000,000000,DISTRICT,Gurgaon,Total,326428,1514432,816690,697742,202602,110705,91897,197937,104332,93605,0,0,0,1111116,638666,472450,403316,178024,225292
06,086,00000,000000,0000,000000,DISTRICT,Gurgaon,Rural,88678,472179,251462,220717,67473,37469,30004,90113,47249,42864,0,0,0,324087,192288,131799,148092,59174,88918
06,086,00000,000000,0000,000000,DISTRICT,Gurgaon,Urban,237750,1042253,565228,477025,135129,73236,61893,107824,57083,50741,0,0,0,787029,446378,340651,255224,118850,136374
06,087,00000,000000,0000,000000,DISTRICT,Mewat ,Total,160280,1089263,571162,518101,248128,130168,117960,75251,39743,35508,0,0,0,454897,308435,146462,634366,262727,371639
06,087,00000,000000,0000,000000,DISTRICT,Mewat ,Rural,139975,965157,506086,459071,225069,117967,107102,57238,30312,26926,0,0,0,384749,266086,118663,580408,240000,340408
06,087,00000,000000,0000,000000,DISTRICT,Mewat ,Urban,20305,124106,65076,59030,23059,12201,10858,18013,9431,8582,0,0,0,70148,42349,27799,53958,22727,31231
06,088,00000,000000,0000,000000,DISTRICT,Faridabad,Total,358919,1809733,966110,843623,251955,136679,115276,223799,119495,104304,0,0,0,1272739,734940,537799,536994,231170,305824
06,088,00000,000000,0000,000000,DISTRICT,Faridabad,Rural,63366,370878,198103,172775,60653,33077,27576,71464,37920,33544,0,0,0,227022,139717,87305,143856,58386,85470
06,088,00000,000000,0000,000000,DISTRICT,Faridabad,Urban,295553,1438855,768007,670848,191302,103602,87700,152335,81575,70760,0,0,0,1045717,595223,450494,393138,172784,220354
06,089,00000,000000,0000,000000,DISTRICT,Palwal ,Total,171157,1042708,554497,488211,177494,95132,82362,203123,107741,95382,0,0,0,599796,379696,220100,442912,174801,268111
06,089,00000,000000,0000,000000,DISTRICT,Palwal ,Rural,129696,806164,428907,377257,143766,76705,67061,148893,79214,69679,0,0,0,441985,287360,154625,364179,141547,222632
06,089,00000,000000,0000,000000,DISTRICT,Palwal ,Urban,41461,236544,125590,110954,33728,18427,15301,54230,28527,25703,0,0,0,157811,92336,65475,78733,33254,45479
07,000,00000,000000,0000,000000,STATE,NCT OF DELHI,Total,3435999,16787941,8987326,7800615,2012454,1075440,937014,2812309,1488800,1323509,0,0,0,12737767,7194856,5542911,4050174,1792470,2257704
07,000,00000,000000,0000,000000,STATE,NCT OF DELHI,Rural,79574,419042,226321,192721,56716,31259,25457,82183,43818,38365,0,0,0,296600,174327,122273,122442,51994,70448
07,000,00000,000000,0000,000000,STATE,NCT OF DELHI,Urban,3356425,16368899,8761005,7607894,1955738,1044181,911557,2730126,1444982,1285144,0,0,0,12441167,7020529,5420638,3927732,1740476,2187256
07,090,00000,000000,0000,000000,DISTRICT,North West,Total,736253,3656539,1960922,1695617,449894,241169,208725,697237,371546,325691,0,0,0,2707855,1541952,1165903,948684,418970,529714
07,090,00000,000000,0000,000000,DISTRICT,North West,Rural,40500,213950,115680,98270,28936,15894,13042,50468,26996,23472,0,0,0,147327,87043,60284,66623,28637,37986
07,090,00000,000000,0000,000000,DISTRICT,North West,Urban,695753,3442589,1845242,1597347,420958,225275,195683,646769,344550,302219,0,0,0,2560528,1454909,1105619,882061,390333,491728
07,091,00000,000000,0000,000000,DISTRICT,North,Total,180044,887978,475002,412976,103304,55155,48149,165663,87007,78656,0,0,0,681517,381615,299902,206461,93387,113074
07,091,00000,000000,0000,000000,DISTRICT,North,Rural,3312,17746,9546,8200,2391,1268,1123,1238,665,573,0,0,0,13240,7700,5540,4506,1846,2660
07,091,00000,000000,0000,000000,DISTRICT,North,Urban,176732,870232,465456,404776,100913,53887,47026,164425,86342,78083,0,0,0,668277,373915,294362,201955,91541,110414
07,092,00000,000000,0000,000000,DISTRICT,North East,Total,406125,2241624,1188425,1053199,301947,160583,141364,373758,197059,176699,0,0,0,1611588,912481,699107,630036,275944,354092
07,092,00000,000000,0000,000000,DISTRICT,North East,Rural,3938,21527,11718,9809,3386,1839,1547,2569,1360,1209,0,0,0,14465,8515,5950,7062,3203,3859
07,092,00000,000000,0000,000000,DISTRICT,North East,Urban,402187,2220097,1176707,1043390,298561,158744,139817,371189,195699,175490,0,0,0,1597123,903966,693157,622974,272741,350233
07,093,00000,000000,0000,000000,DISTRICT,East,Total,358937,1709346,907500,801846,194357,103902,90455,281422,148019,133403,0,0,0,1352998,748382,604616,356348,159118,197230
07,093,00000,000000,0000,000000,DISTRICT,East,Rural,875,3530,1861,1669,374,218,156,57,23,34,0,0,0,2986,1583,1403,544,278,266
07,093,00000,000000,0000,000000,DISTRICT,East,Urban,358062,1705816,905639,800177,193983,103684,90299,281365,147996,133369,0,0,0,1350012,746799,603213,355804,158840,196964
07,094,00000,000000,0000,000000,DISTRICT,New Delhi,Total,33208,142004,77942,64062,12760,6738,6022,33245,17885,15360,0,0,0,114179,65678,48501,27825,12264,15561
07,094,00000,000000,0000,000000,DISTRICT,New Delhi,Rural,0,0,0,0,0,0,0,0,0,0,0,0,0,0,0,0,0,0,0
07,094,00000,000000,0000,000000,DISTRICT,New Delhi,Urban,33208,142004,77942,64062,12760,6738,6022,33245,17885,15360,0,0,0,114179,65678,48501,27825,12264,15561
07,095,00000,000000,0000,000000,DISTRICT,Central,Total,119639,582320,307821,274499,62739,32928,29811,143178,73782,69396,0,0,0,442360,240518,201842,139960,67303,72657
07,095,00000,000000,0000,000000,DISTRICT,Central,Rural,0,0,0,0,0,0,0,0,0,0,0,0,0,0,0,0,0,0,0
07,095,00000,000000,0000,000000,DISTRICT,Central,Urban,119639,582320,307821,274499,62739,32928,29811,143178,73782,69396,0,0,0,442360,240518,201842,139960,67303,72657
07,096,00000,000000,0000,000000,DISTRICT,West,Total,533221,2543243,1356240,1187003,288421,154088,134333,376472,200098,176374,0,0,0,1961179,1093933,867246,582064,262307,319757
07,096,00000,000000,0000,000000,DISTRICT,West,Rural,1170,6420,3355,3065,931,521,410,1263,652,611,0,0,0,4448,2563,1885,1972,792,1180
07,096,00000,000000,0000,000000,DISTRICT,West,Urban,532051,2536823,1352885,1183938,287490,153567,133923,375209,199446,175763,0,0,0,1956731,1091370,865361,580092,261515,318577
07,097,00000,000000,0000,000000,DISTRICT,South West,Total,494439,2292958,1246046,1046912,267989,145285,122704,318408,170205,148203,0,0,0,1787689,1025261,762428,505269,220785,284484
07,097,00000,000000,0000,000000,DISTRICT,South West,Rural,27322,143676,77342,66334,18901,10587,8314,24619,13060,11559,0,0,0,105998,61887,44111,37678,15455,22223
07,097,00000,000000,0000,000000,DISTRICT,South West,Urban,467117,2149282,1168704,980578,249088,134698,114390,293789,157145,136644,0,0,0,1681691,963374,718317,467591,205330,262261
07,098,00000,000000,0000,000000,DISTRICT,South,Total,574133,2731929,1467428,1264501,331043,175592,155451,422926,223199,199727,0,0,0,2078402,1185036,893366,653527,282392,371135
07,098,00000,000000,0000,000000,DISTRICT,South,Rural,2457,12193,6819,5374,1797,932,865,1969,1062,907,0,0,0,8136,5036,3100,4057,1783,2274
07,098,00000,000000,0000,000000,DISTRICT,South,Urban,571676,2719736,1460609,1259127,329246,174660,154586,420957,222137,198820,0,0,0,2070266,1180000,890266,649470,280609,368861
08,000,00000,000000,0000,000000,STATE,RAJASTHAN,Total,12711146,68548437,35550997,32997440,10649504,5639176,5010328,12221593,6355564,5866029,9238534,4742943,4495591,38275282,23688412,14586870,30273155,11862585,18410570
08,000,00000,000000,0000,000000,STATE,RAJASTHAN,Rural,9494903,51500352,26641747,24858605,8414883,4446599,3968284,9536963,4958563,4578400,8693123,4454816,4238307,26471786,16904589,9567197,25028566,9737158,15291408
08,000,00000,000000,0000,000000,STATE,RAJASTHAN,Urban,3216243,17048085,8909250,8138835,2234621,1192577,1042044,2684630,1397001,1287629,545411,288127,257284,11803496,6783823,5019673,5244589,2125427,3119162
08,099,00000,000000,0000,000000,DISTRICT,Ganganagar ,Total,387511,1969168,1043340,925828,255475,137768,117707,720412,376734,343678,13477,7160,6317,1193343,710908,482435,775825,332432,443393
08,099,00000,000000,0000,000000,DISTRICT,Ganganagar ,Rural,278926,1433736,758269,675467,192461,103551,88910,598772,312908,285864,2989,1639,1350,821372,496935,324437,612364,261334,351030
08,099,00000,000000,0000,000000,DISTRICT,Ganganagar ,Urban,108585,535432,285071,250361,63014,34217,28797,121640,63826,57814,10488,5521,4967,371971,213973,157998,163461,71098,92363
08,100,00000,000000,0000,000000,DISTRICT,Hanumangarh,Total,336192,1774692,931184,843508,234226,124740,109486,494189,258352,235837,14289,7578,6711,1034136,624281,409855,740556,306903,433653
08,100,00000,000000,0000,000000,DISTRICT,Hanumangarh,Rural,268362,1424228,746887,677341,190563,101170,89393,435504,227763,207741,5717,3054,2663,802659,490362,312297,621569,256525,365044
08,100,00000,000000,0000,000000,DISTRICT,Hanumangarh,Urban,67830,350464,184297,166167,43663,23570,20093,58685,30589,28096,8572,4524,4048,231477,133919,97558,118987,50378,68609
08,101,00000,000000,0000,000000,DISTRICT,Bikaner,Total,384944,2363937,1240801,1123136,400554,209952,190602,493646,259532,234114,7779,4207,3572,1278801,782399,496402,1085136,458402,626734
08,101,00000,000000,0000,000000,DISTRICT,Bikaner,Rural,244971,1563553,821434,742119,292132,153056,139076,397781,209550,188231,3782,2015,1767,739204,471918,267286,824349,349516,474833
08,101,00000,000000,0000,000000,DISTRICT,Bikaner,Urban,139973,800384,419367,381017,108422,56896,51526,95865,49982,45883,3997,2192,1805,539597,310481,229116,260787,108886,151901
08,102,00000,000000,0000,000000,DISTRICT,Churu,Total,348984,2039547,1051446,988101,317813,167084,150729,451721,235113,216608,11245,5903,5342,1149269,696729,452540,890278,354717,535561
08,102,00000,000000,0000,000000,DISTRICT,Churu,Rural,255868,1463312,755028,708284,234283,123099,111184,376554,195938,180616,7644,4003,3641,791499,486256,305243,671813,268772,403041
08,102,00000,000000,0000,000000,DISTRICT,Churu,Urban,93116,576235,296418,279817,83530,43985,39545,75167,39175,35992,3601,1900,1701,357770,210473,147297,218465,85945,132520
08,103,00000,000000,0000,000000,DISTRICT,Jhunjhunun,Total,384197,2137045,1095896,1041149,288470,157062,131408,360709,185879,174830,41629,21380,20249,1370360,815834,554526,766685,280062,486623
08,103,00000,000000,0000,000000,DISTRICT,Jhunjhunun,Rural,300801,1647966,842718,805248,222519,121483,101036,285737,147016,138721,36862,18900,17962,1046549,625672,420877,601417,217046,384371
08,103,00000,000000,0000,000000,DISTRICT,Jhunjhunun,Urban,83396,489079,253178,235901,65951,35579,30372,74972,38863,36109,4767,2480,2287,323811,190162,133649,165268,63016,102252
08,104,00000,000000,0000,000000,DISTRICT,Alwar,Total,639720,3674179,1939026,1735153,587959,315270,272689,653036,342938,310098,289249,153397,135852,2182476,1359829,822647,1491703,579197,912506
08,104,00000,000000,0000,000000,DISTRICT,Alwar,Rural,511517,3019728,1589508,1430220,502526,269105,233421,540412,283680,256732,266880,141505,125375,1707998,1083730,624268,1311730,505778,805952
08,104,00000,000000,0000,000000,DISTRICT,Alwar,Urban,128203,654451,349518,304933,85433,46165,39268,112624,59258,53366,22369,11892,10477,474478,276099,198379,179973,73419,106554
08,105,00000,000000,0000,000000,DISTRICT,Bharatpur,Total,425414,2548462,1355726,1192736,436165,233323,202842,557305,296293,261012,54090,28705,25385,1480869,943910,536959,1067593,411816,655777
08,105,00000,000000,0000,000000,DISTRICT,Bharatpur,Rural,338689,2053363,1093357,960006,368292,196675,171617,436158,232180,203978,48554,25911,22643,1143404,745044,398360,909959,348313,561646
08,105,00000,000000,0000,000000,DISTRICT,Bharatpur,Urban,86725,495099,262369,232730,67873,36648,31225,121147,64113,57034,5536,2794,2742,337465,198866,138599,157634,63503,94131
08,106,00000,000000,0000,000000,DISTRICT,Dhaulpur,Total,203754,1206516,653647,552869,217613,117198,100415,245695,131875,113820,58594,31802,26792,683098,435721,247377,523418,217926,305492
08,106,00000,000000,0000,000000,DISTRICT,Dhaulpur,Rural,162180,959066,520930,438136,179725,96615,83110,201991,108502,93489,55842,30288,25554,530706,344607,186099,428360,176323,252037
08,106,00000,000000,0000,000000,DISTRICT,Dhaulpur,Urban,41574,247450,132717,114733,37888,20583,17305,43704,23373,20331,2752,1514,1238,152392,91114,61278,95058,41603,53455
08,107,00000,000000,0000,000000,DISTRICT,Karauli,Total,262503,1458248,783639,674609,241357,130294,111063,354465,189249,165216,324960,176200,148760,805849,531904,273945,652399,251735,400664
08,107,00000,000000,0000,000000,DISTRICT,Karauli,Rural,224570,1240143,668185,571958,207976,112407,95569,313060,167332,145728,314468,170422,144046,671423,449812,221611,568720,218373,350347
08,107,00000,000000,0000,000000,DISTRICT,Karauli,Urban,37933,218105,115454,102651,33381,17887,15494,41405,21917,19488,10492,5778,4714,134426,82092,52334,83679,33362,50317
08,108,00000,000000,0000,000000,DISTRICT,Sawai Madhopur,Total,254716,1335551,704031,631520,201188,107557,93631,278789,146333,132456,285848,152745,133103,741748,486184,255564,593803,217847,375956
08,108,00000,000000,0000,000000,DISTRICT,Sawai Madhopur,Rural,206129,1069084,564592,504492,165328,88362,76966,227374,119679,107695,272573,145421,127152,559632,378253,181379,509452,186339,323113
08,108,00000,000000,0000,000000,DISTRICT,Sawai Madhopur,Urban,48587,266467,139439,127028,35860,19195,16665,51415,26654,24761,13275,7324,5951,182116,107931,74185,84351,31508,52843
08,109,00000,000000,0000,000000,DISTRICT,Dausa,Total,292502,1634409,857787,776622,258144,138400,119744,354337,185349,168988,433344,228554,204790,938051,596935,341116,696358,260852,435506
08,109,00000,000000,0000,000000,DISTRICT,Dausa,Rural,256694,1432616,751900,680716,231445,123947,107498,317204,165947,151257,419816,221306,198510,796783,513738,283045,635833,238162,397671
08,109,00000,000000,0000,000000,DISTRICT,Dausa,Urban,35808,201793,105887,95906,26699,14453,12246,37133,19402,17731,13528,7248,6280,141268,83197,58071,60525,22690,37835
08,110,00000,000000,0000,000000,DISTRICT,Jaipur,Total,1177096,6626178,3468507,3157671,929926,499619,430307,1003302,524831,478471,527966,276638,251328,4300965,2554793,1746172,2325213,913714,1411499
08,110,00000,000000,0000,000000,DISTRICT,Jaipur,Rural,507803,3154331,1642924,1511407,481315,257532,223783,529842,276330,253512,393865,205300,188565,1807604,1142333,665271,1346727,500591,846136
08,110,00000,000000,0000,000000,DISTRICT,Jaipur,Urban,669293,3471847,1825583,1646264,448611,242087,206524,473460,248501,224959,134101,71338,62763,2493361,1412460,1080901,978486,413123,565363
08,111,00000,000000,0000,000000,DISTRICT,Sikar,Total,444816,2677333,1374990,1302343,379874,205589,174285,418806,216523,202283,75349,39098,36251,1652117,995275,656842,1025216,379715,645501
08,111,00000,000000,0000,000000,DISTRICT,Sikar,Rural,345160,2043427,1047469,995958,291732,158317,133415,339524,175322,164202,66829,34675,32154,1240835,754783,486052,802592,292686,509906
08,111,00000,000000,0000,000000,DISTRICT,Sikar,Urban,99656,633906,327521,306385,88142,47272,40870,79282,41201,38081,8520,4423,4097,411282,240492,170790,222624,87029,135595
08,112,00000,000000,0000,000000,DISTRICT,Nagaur,Total,578809,3307743,1696325,1611418,507176,267391,239785,699911,360451,339460,10418,5475,4943,1758624,1102750,655874,1549119,593575,955544
08,112,00000,000000,0000,000000,DISTRICT,Nagaur,Rural,476736,2670539,1368771,1301768,412432,217717,194715,613527,316049,297478,9061,4725,4336,1375421,875237,500184,1295118,493534,801584
08,112,00000,000000,0000,000000,DISTRICT,Nagaur,Urban,102073,637204,327554,309650,94744,49674,45070,86384,44402,41982,1357,750,607,383203,227513,155690,254001,100041,153960
08,113,00000,000000,0000,000000,DISTRICT,Jodhpur,Total,649013,3687165,1923928,1763237,606490,320731,285759,608024,315199,292825,118924,61969,56955,2031532,1265753,765779,1655633,658175,997458
08,113,00000,000000,0000,000000,DISTRICT,Jodhpur,Rural,414223,2422551,1260328,1162223,441955,233566,208389,447037,232087,214950,90825,47248,43577,1158340,765699,392641,1264211,494629,769582
08,113,00000,000000,0000,000000,DISTRICT,Jodhpur,Urban,234790,1264614,663600,601014,164535,87165,77370,160987,83112,77875,28099,14721,13378,873192,500054,373138,391422,163546,227876
08,114,00000,000000,0000,000000,DISTRICT,Jaisalmer,Total,117171,669919,361708,308211,130463,69610,60853,99134,52776,46358,42429,22497,19932,308653,210415,98238,361266,151293,209973
08,114,00000,000000,0000,000000,DISTRICT,Jaisalmer,Rural,100427,580894,312447,268447,117527,62734,54793,89388,47555,41833,37273,19758,17515,249289,173353,75936,331605,139094,192511
08,114,00000,000000,0000,000000,DISTRICT,Jaisalmer,Urban,16744,89025,49261,39764,12936,6876,6060,9746,5221,4525,5156,2739,2417,59364,37062,22302,29661,12199,17462
08,115,00000,000000,0000,000000,DISTRICT,Barmer,Total,451629,2603751,1369022,1234729,501522,263356,238166,436414,228431,207983,176257,92610,83647,1188322,783461,404861,1415429,585561,829868
08,115,00000,000000,0000,000000,DISTRICT,Barmer,Rural,418990,2421914,1273249,1148665,475218,249480,225738,408568,214011,194557,172185,90489,81696,1066665,710875,355790,1355249,562374,792875
08,115,00000,000000,0000,000000,DISTRICT,Barmer,Urban,32639,181837,95773,86064,26304,13876,12428,27846,14420,13426,4072,2121,1951,121657,72586,49071,60180,23187,36993
08,116,00000,000000,0000,000000,DISTRICT,Jalor,Total,326134,1828730,936634,892096,316455,166999,149456,357196,185342,171854,178719,93290,85429,829582,543923,285659,999148,392711,606437
08,116,00000,000000,0000,000000,DISTRICT,Jalor,Rural,298074,1676975,857619,819356,294006,155142,138864,326518,169318,157200,170111,88807,81304,737675,487407,250268,939300,370212,569088
08,116,00000,000000,0000,000000,DISTRICT,Jalor,Urban,28060,151755,79015,72740,22449,11857,10592,30678,16024,14654,8608,4483,4125,91907,56516,35391,59848,22499,37349
08,117,00000,000000,0000,000000,DISTRICT,Sirohi,Total,201785,1036346,534231,502115,173364,91370,81994,201863,104899,96964,292470,148966,143504,476806,309900,166906,559540,224331,335209
08,117,00000,000000,0000,000000,DISTRICT,Sirohi,Rural,159265,827692,424252,403440,147415,77442,69973,160943,83564,77379,272916,138714,134202,333009,224113,108896,494683,200139,294544
08,117,00000,000000,0000,000000,DISTRICT,Sirohi,Urban,42520,208654,109979,98675,25949,13928,12021,40920,21335,19585,19554,10252,9302,143797,85787,58010,64857,24192,40665
08,118,00000,000000,0000,000000,DISTRICT,Pali,Total,418157,2037573,1025422,1012151,297434,156606,140828,398096,203328,194768,144578,74369,70209,1085693,667381,418312,951880,358041,593839
08,118,00000,000000,0000,000000,DISTRICT,Pali,Rural,329510,1577567,787559,790008,235532,123671,111861,321262,163602,157660,131456,67467,63989,783788,488897,294891,793779,298662,495117
08,118,00000,000000,0000,000000,DISTRICT,Pali,Urban,88647,460006,237863,222143,61902,32935,28967,76834,39726,37108,13122,6902,6220,301905,178484,123421,158101,59379,98722
08,119,00000,000000,0000,000000,DISTRICT,Ajmer,Total,494832,2583052,1324085,1258967,381167,200511,180656,478027,243750,234277,63482,32408,31074,1526673,926268,600405,1056379,397817,658562
08,119,00000,000000,0000,000000,DISTRICT,Ajmer,Rural,293744,1547642,789397,758245,253762,133094,120668,256646,130764,125882,48564,24632,23932,765022,501770,263252,782620,287627,494993
08,119,00000,000000,0000,000000,DISTRICT,Ajmer,Urban,201088,1035410,534688,500722,127405,67417,59988,221381,112986,108395,14918,7776,7142,761651,424498,337153,273759,110190,163569
08,120,00000,000000,0000,000000,DISTRICT,Tonk,Total,266870,1421326,728136,693190,204038,107868,96170,287903,148110,139793,178207,92677,85530,749659,478329,271330,671667,249807,421860
08,120,00000,000000,0000,000000,DISTRICT,Tonk,Rural,212126,1103603,568045,535558,161187,84980,76207,235975,121388,114587,173948,90447,83501,546702,364531,182171,556901,203514,353387
08,120,00000,000000,0000,000000,DISTRICT,Tonk,Urban,54744,317723,160091,157632,42851,22888,19963,51928,26722,25206,4259,2230,2029,202957,113798,89159,114766,46293,68473
08,121,00000,000000,0000,000000,DISTRICT,Bundi,Total,220768,1110906,577160,533746,159884,84431,75453,210788,109333,101455,228549,119454,109095,585044,371705,213339,525862,205455,320407
08,121,00000,000000,0000,000000,DISTRICT,Bundi,Rural,177150,888205,461734,426471,131693,69494,62199,168317,87314,81003,217005,113315,103690,433518,283572,149946,454687,178162,276525
08,121,00000,000000,0000,000000,DISTRICT,Bundi,Urban,43618,222701,115426,107275,28191,14937,13254,42471,22019,20452,11544,6139,5405,151526,88133,63393,71175,27293,43882
08,122,00000,000000,0000,000000,DISTRICT,Bhilwara,Total,498125,2408523,1220736,1187787,361683,187617,174066,407947,206332,201615,229273,117026,112247,1256126,777582,478544,1152397,443154,709243
08,122,00000,000000,0000,000000,DISTRICT,Bhilwara,Rural,394065,1895869,955378,940491,294132,152140,141992,331943,167445,164498,214584,109340,105244,896937,572895,324042,998932,382483,616449
08,122,00000,000000,0000,000000,DISTRICT,Bhilwara,Urban,104060,512654,265358,247296,67551,35477,32074,76004,38887,37117,14689,7686,7003,359189,204687,154502,153465,60671,92794
08,123,00000,000000,0000,000000,DISTRICT,Rajsamand,Total,243078,1156597,581339,575258,176041,92527,83514,148168,74738,73430,160809,81173,79636,619139,383334,235805,537458,198005,339453
08,123,00000,000000,0000,000000,DISTRICT,Rajsamand,Rural,205878,972777,486960,485817,153108,80392,72716,121784,61388,60396,149991,75628,74363,487405,308438,178967,485372,178522,306850
08,123,00000,000000,0000,000000,DISTRICT,Rajsamand,Urban,37200,183820,94379,89441,22933,12135,10798,26384,13350,13034,10818,5545,5273,131734,74896,56838,52086,19483,32603
08,124,00000,000000,0000,000000,DISTRICT,Dungarpur,Total,282029,1388552,696532,692020,242239,126008,116231,52267,26543,25724,983437,491631,491806,681591,415820,265771,706961,280712,426249
08,124,00000,000000,0000,000000,DISTRICT,Dungarpur,Rural,263075,1299809,651046,648763,231406,120188,111218,44309,22523,21786,967086,483335,483751,615851,379571,236280,683958,271475,412483
08,124,00000,000000,0000,000000,DISTRICT,Dungarpur,Urban,18954,88743,45486,43257,10833,5820,5013,7958,4020,3938,16351,8296,8055,65740,36249,29491,23003,9237,13766
08,125,00000,000000,0000,000000,DISTRICT,Banswara,Total,367797,1797485,907754,889731,325283,168225,157058,80091,40639,39452,1372999,690476,682523,829343,513854,315489,968142,393900,574242
08,125,00000,000000,0000,000000,DISTRICT,Banswara,Rural,340276,1669864,842767,827097,309653,159861,149792,70767,35912,34855,1358208,683104,675104,733930,462325,271605,935934,380442,555492
08,125,00000,000000,0000,000000,DISTRICT,Banswara,Urban,27521,127621,64987,62634,15630,8364,7266,9324,4727,4597,14791,7372,7419,95413,51529,43884,32208,13458,18750
08,126,00000,000000,0000,000000,DISTRICT,Chittaurgarh,Total,329119,1544338,783171,761167,212507,111120,101387,250224,126748,123476,201546,101893,99653,821825,514851,306974,722513,268320,454193
08,126,00000,000000,0000,000000,DISTRICT,Chittaurgarh,Rural,269332,1259074,636415,622659,177215,92471,84744,212388,107367,105021,192752,97253,95499,614979,398512,216467,644095,237903,406192
08,126,00000,000000,0000,000000,DISTRICT,Chittaurgarh,Urban,59787,285264,146756,138508,35292,18649,16643,37836,19381,18455,8794,4640,4154,206846,116339,90507,78418,30417,48001
08,127,00000,000000,0000,000000,DISTRICT,Kota,Total,396501,1951014,1021161,929853,255056,134341,120715,405408,211161,194247,183816,96428,87388,1298345,765396,532949,652669,255765,396904
08,127,00000,000000,0000,000000,DISTRICT,Kota,Rural,151351,774410,401331,373079,108851,56977,51874,181857,94241,87616,126725,65673,61052,456380,283078,173302,318030,118253,199777
08,127,00000,000000,0000,000000,DISTRICT,Kota,Urban,245150,1176604,619830,556774,146205,77364,68841,223551,116920,106631,57091,30755,26336,841965,482318,359647,334639,137512,197127
08,128,00000,000000,0000,000000,DISTRICT,Baran,Total,241428,1222755,633945,588810,182665,95542,87123,221184,114969,106215,276857,143094,133763,693307,432607,260700,529448,201338,328110
08,128,00000,000000,0000,000000,DISTRICT,Baran,Rural,191526,968541,502228,466313,148894,77773,71121,167196,87025,80171,264327,136520,127807,521423,332591,188832,447118,169637,277481
08,128,00000,000000,0000,000000,DISTRICT,Baran,Urban,49902,254214,131717,122497,33771,17769,16002,53988,27944,26044,12530,6574,5956,171884,100016,71868,82330,31701,50629
08,129,00000,000000,0000,000000,DISTRICT,Jhalawar,Total,283295,1411129,725143,685986,208205,108890,99315,243582,125965,117617,182229,94185,88044,739792,466815,272977,671337,258328,413009
08,129,00000,000000,0000,000000,DISTRICT,Jhalawar,Rural,237702,1181838,606533,575305,177367,92552,84815,205764,106454,99310,171828,88680,83148,578866,375242,203624,602972,231291,371681
08,129,00000,000000,0000,000000,DISTRICT,Jhalawar,Urban,45593,229291,118610,110681,30838,16338,14500,37818,19511,18307,10401,5505,4896,160926,91573,69353,68365,27037,41328
08,130,00000,000000,0000,000000,DISTRICT,Udaipur,Total,623531,3068420,1566801,1501619,508550,264321,244229,188525,97094,91431,1525289,773213,752076,1582629,973444,609185,1485791,593357,892434
08,130,00000,000000,0000,000000,DISTRICT,Udaipur,Rural,495973,2459994,1251316,1208678,441482,228369,213113,122385,62733,59652,1483035,751109,731926,1108846,712379,396467,1351148,538937,812211
08,130,00000,000000,0000,000000,DISTRICT,Udaipur,Urban,127558,608426,315485,292941,67068,35952,31116,66140,34361,31779,42254,22104,20150,473783,261065,212718,134643,54420,80223
08,131,00000,000000,0000,000000,DISTRICT,Pratapgarh,Total,178726,867848,437744,430104,150518,77856,72662,60429,30755,29674,550427,276742,273685,401515,250122,151393,466333,187622,278711
08,131,00000,000000,0000,000000,DISTRICT,Pratapgarh,Rural,163810,796041,401171,394870,141751,73237,68514,50476,25676,24800,545422,274133,271289,348072,220661,127411,447969,180510,267459
08,131,00000,000000,0000,000000,DISTRICT,Pratapgarh,Urban,14916,71807,36573,35234,8767,4619,4148,9953,5079,4874,5005,2609,2396,53443,29461,23982,18364,7112,11252
09,000,00000,000000,0000,000000,STATE,UTTAR PRADESH,Total,33448035,199812341,104480510,95331831,30791331,16185581,14605750,41357608,21676975,19680633,1134273,581083,553190,114397555,68234964,46162591,85414786,36245546,49169240
09,000,00000,000000,0000,000000,STATE,UTTAR PRADESH,Rural,25685942,155317278,80992995,74324283,25040583,13135595,11904988,35685227,18663920,17021307,1031076,526315,504761,85284680,51793688,33490992,70032598,29199307,40833291
09,000,00000,000000,0000,000000,STATE,UTTAR PRADESH,Urban,7762093,44495063,23487515,21007548,5750748,3049986,2700762,5672381,3013055,2659326,103197,54768,48429,29112875,16441276,12671599,15382188,7046239,8335949
09,132,00000,000000,0000,000000,DISTRICT,Saharanpur,Total,597656,3466382,1834106,1632276,519591,275377,244214,764450,407029,357421,980,517,463,2077108,1220114,856994,1389274,613992,775282
09,132,00000,000000,0000,000000,DISTRICT,Saharanpur,Rural,408198,2399856,1269803,1130053,374994,198976,176018,627371,334256,293115,148,74,74,1390046,833060,556986,1009810,436743,573067
09,132,00000,000000,0000,000000,DISTRICT,Saharanpur,Urban,189458,1066526,564303,502223,144597,76401,68196,137079,72773,64306,832,443,389,687062,387054,300008,379464,177249,202215
09,133,00000,000000,0000,000000,DISTRICT,Muzaffarnagar,Total,676642,4143512,2193434,1950078,646062,346805,299257,561250,298587,262663,317,176,141,2417339,1448528,968811,1726173,744906,981267
09,133,00000,000000,0000,000000,DISTRICT,Muzaffarnagar,Rural,475749,2952200,1565004,1387196,471375,253186,218189,458494,244133,214361,248,136,112,1695394,1032545,662849,1256806,532459,724347
09,133,00000,000000,0000,000000,DISTRICT,Muzaffarnagar,Urban,200893,1191312,628430,562882,174687,93619,81068,102756,54454,48302,69,40,29,721945,415983,305962,469367,212447,256920
09,134,00000,000000,0000,000000,DISTRICT,Bijnor,Total,633197,3682713,1921215,1761498,564230,299659,264571,787444,413872,373572,3058,1588,1470,2135393,1241471,893922,1547320,679744,867576
09,134,00000,000000,0000,000000,DISTRICT,Bijnor,Rural,478997,2757401,1438412,1318989,428311,228114,200197,716442,376424,340018,2974,1549,1425,1596174,942936,653238,1161227,495476,665751
09,134,00000,000000,0000,000000,DISTRICT,Bijnor,Urban,154200,925312,482803,442509,135919,71545,64374,71002,37448,33554,84,39,45,539219,298535,240684,386093,184268,201825
09,135,00000,000000,0000,000000,DISTRICT,Moradabad,Total,796170,4772006,2503186,2268820,784219,409325,374894,731406,385244,346162,685,377,308,2263848,1357435,906413,2508158,1145751,1362407
09,135,00000,000000,0000,000000,DISTRICT,Moradabad,Rural,522763,3198383,1680022,1518361,562904,293864,269040,582700,306887,275813,171,99,72,1407142,879994,527148,1791241,800028,991213
09,135,00000,000000,0000,000000,DISTRICT,Moradabad,Urban,273407,1573623,823164,750459,221315,115461,105854,148706,78357,70349,514,278,236,856706,477441,379265,716917,345723,371194
09,136,00000,000000,0000,000000,DISTRICT,Rampur,Total,393736,2335819,1223889,1111930,379227,197151,182076,307936,162844,145092,358,207,151,1043666,630408,413258,1292153,593481,698672
09,136,00000,000000,0000,000000,DISTRICT,Rampur,Rural,290515,1747172,916878,830294,298914,155688,143226,277838,146888,130950,122,66,56,758979,470606,288373,988193,446272,541921
09,136,00000,000000,0000,000000,DISTRICT,Rampur,Urban,103221,588647,307011,281636,80313,41463,38850,30098,15956,14142,236,141,95,284687,159802,124885,303960,147209,156751
09,137,00000,000000,0000,000000,DISTRICT,Jyotiba Phule Nagar,Total,314401,1840221,963449,876772,300231,157737,142494,318001,166662,151339,164,89,75,983110,600541,382569,857111,362908,494203
09,137,00000,000000,0000,000000,DISTRICT,Jyotiba Phule Nagar,Rural,235417,1381508,724539,656969,231598,122052,109546,276283,144700,131583,31,15,16,729207,456283,272924,652301,268256,384045
09,137,00000,000000,0000,000000,DISTRICT,Jyotiba Phule Nagar,Urban,78984,458713,238910,219803,68633,35685,32948,41718,21962,19756,133,74,59,253903,144258,109645,204810,94652,110158
09,138,00000,000000,0000,000000,DISTRICT,Meerut,Total,579110,3443689,1825743,1617946,503719,272034,231685,624149,334198,289951,3390,1828,1562,2141488,1254520,886968,1302201,571223,730978
09,138,00000,000000,0000,000000,DISTRICT,Meerut,Rural,271679,1684507,894920,789587,267252,144053,123199,347463,185897,161566,222,122,100,1002668,606760,395908,681839,288160,393679
09,138,00000,000000,0000,000000,DISTRICT,Meerut,Urban,307431,1759182,930823,828359,236467,127981,108486,276686,148301,128385,3168,1706,1462,1138820,647760,491060,620362,283063,337299
09,139,00000,000000,0000,000000,DISTRICT,Baghpat,Total,209916,1303048,700070,602978,194979,105924,89055,149060,79920,69140,14,10,4,797970,489858,308112,505078,210212,294866
09,139,00000,000000,0000,000000,DISTRICT,Baghpat,Rural,164494,1028023,553807,474216,154270,83995,70275,125954,67707,58247,13,9,4,626257,388481,237776,401766,165326,236440
09,139,00000,000000,0000,000000,DISTRICT,Baghpat,Urban,45422,275025,146263,128762,40709,21929,18780,23106,12213,10893,1,1,0,171713,101377,70336,103312,44886,58426
09,140,00000,000000,0000,000000,DISTRICT,Ghaziabad,Total,850676,4681645,2488834,2192811,681231,368162,313069,773463,412750,360713,3968,2104,1864,3123264,1811397,1311867,1558381,677437,880944
09,140,00000,000000,0000,000000,DISTRICT,Ghaziabad,Rural,248050,1519098,808222,710876,248759,134152,114607,287708,153686,134022,572,308,264,922310,558355,363955,596788,249867,346921
09,140,00000,000000,0000,000000,DISTRICT,Ghaziabad,Urban,602626,3162547,1680612,1481935,432472,234010,198462,485755,259064,226691,3396,1796,1600,2200954,1253042,947912,961593,427570,534023
09,141,00000,000000,0000,000000,DISTRICT,Gautam Buddha Nagar,Total,327090,1648115,890214,757901,246598,133835,112763,216105,115438,100667,2215,1189,1026,1122947,666065,456882,525168,224149,301019
09,141,00000,000000,0000,000000,DISTRICT,Gautam Buddha Nagar,Rural,111916,673806,359605,314201,109480,59951,49529,129086,68551,60535,220,116,104,421928,258660,163268,251878,100945,150933
09,141,00000,000000,0000,000000,DISTRICT,Gautam Buddha Nagar,Urban,215174,974309,530609,443700,137118,73884,63234,87019,46887,40132,1995,1073,922,701019,407405,293614,273290,123204,150086
09,142,00000,000000,0000,000000,DISTRICT,Bulandshahr ,Total,587529,3499171,1845260,1653911,549796,296558,253238,725600,384743,340857,198,118,80,2031656,1253314,778342,1467515,591946,875569
09,142,00000,000000,0000,000000,DISTRICT,Bulandshahr ,Rural,440668,2631742,1390490,1241252,422617,228415,194202,606673,321833,284840,41,28,13,1517979,954110,563869,1113763,436380,677383
09,142,00000,000000,0000,000000,DISTRICT,Bulandshahr ,Urban,146861,867429,454770,412659,127179,68143,59036,118927,62910,56017,157,90,67,513677,299204,214473,353752,155566,198186
09,143,00000,000000,0000,000000,DISTRICT,Aligarh,Total,611371,3673889,1951996,1721893,574509,306019,268490,755254,402483,352771,629,340,289,2092567,1283380,809187,1581322,668616,912706
09,143,00000,000000,0000,000000,DISTRICT,Aligarh,Rural,407034,2456698,1308923,1147775,403098,215026,188072,564827,301494,263333,274,147,127,1382995,876316,506679,1073703,432607,641096
09,143,00000,000000,0000,000000,DISTRICT,Aligarh,Urban,204337,1217191,643073,574118,171411,90993,80418,190427,100989,89438,355,193,162,709572,407064,302508,507619,236009,271610
09,144,00000,000000,0000,000000,DISTRICT,Mahamaya Nagar,Total,260860,1564708,836127,728581,248106,133057,115049,387554,207170,180384,268,137,131,942572,579157,363415,622136,256970,365166
09,144,00000,000000,0000,000000,DISTRICT,Mahamaya Nagar,Rural,204827,1232015,659814,572201,200176,107409,92767,318235,170204,148031,233,116,117,737968,461121,276847,494047,198693,295354
09,144,00000,000000,0000,000000,DISTRICT,Mahamaya Nagar,Urban,56033,332693,176313,156380,47930,25648,22282,69319,36966,32353,35,21,14,204604,118036,86568,128089,58277,69812
09,145,00000,000000,0000,000000,DISTRICT,Mathura,Total,423125,2547184,1367125,1180059,404276,216224,188052,506580,271295,235285,1520,826,694,1507746,943346,564400,1039438,423779,615659
09,145,00000,000000,0000,000000,DISTRICT,Mathura,Rural,292881,1791191,962028,829163,301131,160795,140336,400917,214919,185998,313,163,150,1021669,658485,363184,769522,303543,465979
09,145,00000,000000,0000,000000,DISTRICT,Mathura,Urban,130244,755993,405097,350896,103145,55429,47716,105663,56376,49287,1207,663,544,486077,284861,201216,269916,120236,149680
09,146,00000,000000,0000,000000,DISTRICT,Agra,Total,710566,4418797,2364953,2053844,673955,362234,311721,991325,531641,459684,7255,3827,3428,2680510,1614594,1065916,1738287,750359,987928
09,146,00000,000000,0000,000000,DISTRICT,Agra,Rural,371791,2394602,1285184,1109418,409971,220138,189833,505140,270558,234582,1113,565,548,1401109,882241,518868,993493,402943,590550
09,146,00000,000000,0000,000000,DISTRICT,Agra,Urban,338775,2024195,1079769,944426,263984,142096,121888,486185,261083,225102,6142,3262,2880,1279401,732353,547048,744794,347416,397378
09,147,00000,000000,0000,000000,DISTRICT,Firozabad,Total,414266,2498156,1332046,1166110,382319,203259,179060,473890,253288,220602,2565,1346,1219,1521806,912314,609492,976350,419732,556618
09,147,00000,000000,0000,000000,DISTRICT,Firozabad,Rural,274897,1664987,891872,773115,265252,141116,124136,333275,178450,154825,108,55,53,1016244,623082,393162,648743,268790,379953
09,147,00000,000000,0000,000000,DISTRICT,Firozabad,Urban,139369,833169,440174,392995,117067,62143,54924,140615,74838,65777,2457,1291,1166,505562,289232,216330,327607,150942,176665
09,148,00000,000000,0000,000000,DISTRICT,Mainpuri,Total,313690,1868529,993377,875152,284349,150943,133406,368206,196507,171699,478,258,220,1203885,712110,491775,664644,281267,383377
09,148,00000,000000,0000,000000,DISTRICT,Mainpuri,Rural,263503,1580087,842374,737713,245383,130183,115200,319437,170802,148635,476,257,219,1005932,602521,403411,574155,239853,334302
09,148,00000,000000,0000,000000,DISTRICT,Mainpuri,Urban,50187,288442,151003,137439,38966,20760,18206,48769,25705,23064,2,1,1,197953,109589,88364,90489,41414,49075
09,149,00000,000000,0000,000000,DISTRICT,Budaun,Total,615776,3681896,1967759,1714137,664909,350112,314797,622526,332920,289606,58,30,28,1547477,986501,560976,2134419,981258,1153161
09,149,00000,000000,0000,000000,DISTRICT,Budaun,Rural,505491,3037301,1630376,1406925,566470,298662,267808,553486,296604,256882,7,2,5,1224505,799893,424612,1812796,830483,982313
09,149,00000,000000,0000,000000,DISTRICT,Budaun,Urban,110285,644595,337383,307212,98439,51450,46989,69040,36316,32724,51,28,23,322972,186608,136364,321623,150775,170848
09,150,00000,000000,0000,000000,DISTRICT,Bareilly,Total,756784,4448359,2357665,2090694,701416,368591,332825,557150,295964,261186,3227,1664,1563,2191759,1342697,849062,2256600,1014968,1241632
09,150,00000,000000,0000,000000,DISTRICT,Bareilly,Rural,481039,2879950,1530356,1349594,495582,260533,235049,442422,235417,207005,365,196,169,1332606,846768,485838,1547344,683588,863756
09,150,00000,000000,0000,000000,DISTRICT,Bareilly,Urban,275745,1568409,827309,741100,205834,108058,97776,114728,60547,54181,2862,1468,1394,859153,495929,363224,709256,331380,377876
09,151,00000,000000,0000,000000,DISTRICT,Pilibhit,Total,362573,2031007,1072002,959005,304920,159509,145411,333558,176436,157122,1714,892,822,1061095,654290,406805,969912,417712,552200
09,151,00000,000000,0000,000000,DISTRICT,Pilibhit,Rural,299026,1679592,886789,792803,260750,136188,124562,304273,161070,143203,1495,782,713,861548,538786,322762,818044,348003,470041
09,151,00000,000000,0000,000000,DISTRICT,Pilibhit,Urban,63547,351415,185213,166202,44170,23321,20849,29285,15366,13919,219,110,109,199547,115504,84043,151868,69709,82159
09,152,00000,000000,0000,000000,DISTRICT,Shahjahanpur,Total,527501,3006538,1606403,1400135,502625,264106,238519,532673,285280,247393,508,259,249,1490930,915142,575788,1515608,691261,824347
09,152,00000,000000,0000,000000,DISTRICT,Shahjahanpur,Rural,425057,2412446,1293714,1118732,425780,223334,202446,479352,257180,222172,251,122,129,1156822,725363,431459,1255624,568351,687273
09,152,00000,000000,0000,000000,DISTRICT,Shahjahanpur,Urban,102444,594092,312689,281403,76845,40772,36073,53321,28100,25221,257,137,120,334108,189779,144329,259984,122910,137074
09,153,00000,000000,0000,000000,DISTRICT,Kheri,Total,745077,4021243,2123187,1898056,662296,344806,317490,1061782,559240,502542,53375,26984,26391,2034044,1237157,796887,1987199,886030,1101169
09,153,00000,000000,0000,000000,DISTRICT,Kheri,Rural,661245,3560208,1880679,1679529,601557,312944,288613,1019387,536713,482674,52446,26460,25986,1746934,1076152,670782,1813274,804527,1008747
09,153,00000,000000,0000,000000,DISTRICT,Kheri,Urban,83832,461035,242508,218527,60739,31862,28877,42395,22527,19868,929,524,405,287110,161005,126105,173925,81503,92422
09,154,00000,000000,0000,000000,DISTRICT,Sitapur,Total,801764,4483992,2375264,2108728,747558,387417,360141,1446427,767033,679394,1602,833,769,2283733,1397702,886031,2200259,977562,1222697
09,154,00000,000000,0000,000000,DISTRICT,Sitapur,Rural,714655,3953208,2098123,1855085,676004,350180,325824,1393577,738958,654619,1257,667,590,1952518,1214326,738192,2000690,883797,1116893
09,154,00000,000000,0000,000000,DISTRICT,Sitapur,Urban,87109,530784,277141,253643,71554,37237,34317,52850,28075,24775,345,166,179,331215,183376,147839,199569,93765,105804
09,155,00000,000000,0000,000000,DISTRICT,Hardoi,Total,730442,4092845,2191442,1901403,652496,343617,308879,1274505,685223,589282,349,186,163,2221601,1374587,847014,1871244,816855,1054389
09,155,00000,000000,0000,000000,DISTRICT,Hardoi,Rural,638627,3551039,1906147,1644892,580096,305625,274471,1209207,650259,558948,300,154,146,1883588,1182280,701308,1667451,723867,943584
09,155,00000,000000,0000,000000,DISTRICT,Hardoi,Urban,91815,541806,285295,256511,72400,37992,34408,65298,34964,30334,49,32,17,338013,192307,145706,203793,92988,110805
09,156,00000,000000,0000,000000,DISTRICT,Unnao,Total,588533,3108367,1630087,1478280,435915,227015,208900,948588,494487,454101,2926,1558,1368,1773584,1053063,720521,1334783,577024,757759
09,156,00000,000000,0000,000000,DISTRICT,Unnao,Rural,491106,2576721,1351897,1224824,370948,192874,178074,873572,455745,417827,2415,1290,1125,1423118,858153,564965,1153603,493744,659859
09,156,00000,000000,0000,000000,DISTRICT,Unnao,Urban,97427,531646,278190,253456,64967,34141,30826,75016,38742,36274,511,268,243,350466,194910,155556,181180,83280,97900
09,157,00000,000000,0000,000000,DISTRICT,Lucknow,Total,860703,4589838,2394476,2195362,543641,283952,259689,948294,498799,449495,7506,4036,3470,3127260,1742440,1384820,1462578,652036,810542
09,157,00000,000000,0000,000000,DISTRICT,Lucknow,Rural,283193,1550842,813752,737090,222592,115432,107160,597272,314172,283100,1008,518,490,900857,533656,367201,649985,280096,369889
09,157,00000,000000,0000,000000,DISTRICT,Lucknow,Urban,577510,3038996,1580724,1458272,321049,168520,152529,351022,184627,166395,6498,3518,2980,2226403,1208784,1017619,812593,371940,440653
09,158,00000,000000,0000,000000,DISTRICT,Rae Bareli,Total,619707,3405559,1752542,1653017,482517,250501,232016,1030367,526735,503632,1756,876,880,1965843,1165965,799878,1439716,586577,853139
09,158,00000,000000,0000,000000,DISTRICT,Rae Bareli,Rural,565776,3097564,1592449,1505115,447627,232224,215403,984420,502718,481702,1425,705,720,1750026,1046389,703637,1347538,546060,801478
09,158,00000,000000,0000,000000,DISTRICT,Rae Bareli,Urban,53931,307995,160093,147902,34890,18277,16613,45947,24017,21930,331,171,160,215817,119576,96241,92178,40517,51661
09,159,00000,000000,0000,000000,DISTRICT,Farrukhabad,Total,314144,1885204,1006240,878964,302612,160230,142382,312712,168009,144703,230,124,106,1092677,654827,437850,792527,351413,441114
09,159,00000,000000,0000,000000,DISTRICT,Farrukhabad,Rural,242119,1469019,785301,683718,248167,131050,117117,256428,137656,118772,155,78,77,827275,504652,322623,641744,280649,361095
09,159,00000,000000,0000,000000,DISTRICT,Farrukhabad,Urban,72025,416185,220939,195246,54445,29180,25265,56284,30353,25931,75,46,29,265402,150175,115227,150783,70764,80019
09,160,00000,000000,0000,000000,DISTRICT,Kannauj,Total,280928,1656616,881776,774840,257682,135758,121924,309980,166454,143526,15,9,6,1017087,603596,413491,639529,278180,361349
09,160,00000,000000,0000,000000,DISTRICT,Kannauj,Rural,233746,1375775,734245,641530,217006,114233,102773,277813,149428,128385,14,9,5,846493,506915,339578,529282,227330,301952
09,160,00000,000000,0000,000000,DISTRICT,Kannauj,Urban,47182,280841,147531,133310,40676,21525,19151,32167,17026,15141,1,0,1,170594,96681,73913,110247,50850,59397
09,161,00000,000000,0000,000000,DISTRICT,Etawah,Total,277527,1581810,845856,735954,227470,121295,106175,388283,208731,179552,169,89,80,1062003,623583,438420,519807,222273,297534
09,161,00000,000000,0000,000000,DISTRICT,Etawah,Rural,213548,1215511,652740,562771,182914,97517,85397,328659,177031,151628,72,39,33,798203,477378,320825,417308,175362,241946
09,161,00000,000000,0000,000000,DISTRICT,Etawah,Urban,63979,366299,193116,173183,44556,23778,20778,59624,31700,27924,97,50,47,263800,146205,117595,102499,46911,55588
09,162,00000,000000,0000,000000,DISTRICT,Auraiya,Total,248197,1379545,740040,639505,200517,105739,94778,391622,211413,180209,150,91,59,930836,546198,384638,448709,193842,254867
09,162,00000,000000,0000,000000,DISTRICT,Auraiya,Rural,206164,1145323,616494,528829,170402,89856,80546,350574,189533,161041,76,49,27,755923,449437,306486,389400,167057,222343
09,162,00000,000000,0000,000000,DISTRICT,Auraiya,Urban,42033,234222,123546,110676,30115,15883,14232,41048,21880,19168,74,42,32,174913,96761,78152,59309,26785,32524
09,163,00000,000000,0000,000000,DISTRICT,Kanpur Dehat,Total,329817,1796184,963255,832929,251965,132839,119126,460544,248195,212349,801,398,403,1170243,692964,477279,625941,270291,355650
09,163,00000,000000,0000,000000,DISTRICT,Kanpur Dehat,Rural,298833,1622761,871508,751253,229678,120932,108746,431972,232978,198994,761,377,384,1049386,625151,424235,573375,246357,327018
09,163,00000,000000,0000,000000,DISTRICT,Kanpur Dehat,Urban,30984,173423,91747,81676,22287,11907,10380,28572,15217,13355,40,21,19,120857,67813,53044,52566,23934,28632
09,164,00000,000000,0000,000000,DISTRICT,Kanpur Nagar,Total,863338,4581268,2459806,2121462,509924,272268,237656,816754,439603,377151,3753,2108,1645,3243022,1829179,1413843,1338246,630627,707619
09,164,00000,000000,0000,000000,DISTRICT,Kanpur Nagar,Rural,293376,1565623,837260,728363,214077,113604,100473,437722,235029,202693,485,269,216,1010152,594367,415785,555471,242893,312578
09,164,00000,000000,0000,000000,DISTRICT,Kanpur Nagar,Urban,569962,3015645,1622546,1393099,295847,158664,137183,379032,204574,174458,3268,1839,1429,2232870,1234812,998058,782775,387734,395041
09,165,00000,000000,0000,000000,DISTRICT,Jalaun ,Total,288338,1689974,906092,783882,231997,123342,108655,468178,252588,215590,832,428,404,1075196,653430,421766,614778,252662,362116
09,165,00000,000000,0000,000000,DISTRICT,Jalaun ,Rural,216570,1271074,683656,587418,180671,96001,84670,375126,202852,172274,599,309,290,789966,489075,300891,481108,194581,286527
09,165,00000,000000,0000,000000,DISTRICT,Jalaun ,Urban,71768,418900,222436,196464,51326,27341,23985,93052,49736,43316,233,119,114,285230,164355,120875,133670,58081,75589
09,166,00000,000000,0000,000000,DISTRICT,Jhansi,Total,367779,1998603,1057436,941167,260373,139559,120814,562505,297386,265119,3873,2074,1799,1304513,783705,520808,694090,273731,420359
09,166,00000,000000,0000,000000,DISTRICT,Jhansi,Rural,215843,1165119,615629,549490,163631,87663,75968,374245,197846,176399,1969,1046,923,702993,439201,263792,462126,176428,285698
09,166,00000,000000,0000,000000,DISTRICT,Jhansi,Urban,151936,833484,441807,391677,96742,51896,44846,188260,99540,88720,1904,1028,876,601520,344504,257016,231964,97303,134661
09,167,00000,000000,0000,000000,DISTRICT,Lalitpur,Total,222094,1221592,641011,580581,212205,110745,101460,240519,126325,114194,71610,36834,34776,641191,397586,243605,580401,243425,336976
09,167,00000,000000,0000,000000,DISTRICT,Lalitpur,Rural,189543,1046214,549478,496736,189277,98790,90487,215108,113012,102096,69775,35886,33889,517428,327392,190036,528786,222086,306700
09,167,00000,000000,0000,000000,DISTRICT,Lalitpur,Urban,32551,175378,91533,83845,22928,11955,10973,25411,13313,12098,1835,948,887,123763,70194,53569,51615,21339,30276
09,168,00000,000000,0000,000000,DISTRICT,Hamirpur,Total,204863,1104285,593537,510748,154355,81834,72521,241198,130269,110929,474,259,215,653299,408125,245174,450986,185412,265574
09,168,00000,000000,0000,000000,DISTRICT,Hamirpur,Rural,166700,894437,481373,413064,128232,67808,60424,198693,107472,91221,45,24,21,511783,324610,187173,382654,156763,225891
09,168,00000,000000,0000,000000,DISTRICT,Hamirpur,Urban,38163,209848,112164,97684,26123,14026,12097,42505,22797,19708,429,235,194,141516,83515,58001,68332,28649,39683
09,169,00000,000000,0000,000000,DISTRICT,Mahoba,Total,158435,875958,466358,409600,128129,67720,60409,220898,117389,103509,647,355,292,488106,302283,185823,387852,164075,223777
09,169,00000,000000,0000,000000,DISTRICT,Mahoba,Rural,124678,690577,368009,322568,103678,54799,48879,188781,100318,88463,250,143,107,369716,232584,137132,320861,135425,185436
09,169,00000,000000,0000,000000,DISTRICT,Mahoba,Urban,33757,185381,98349,87032,24451,12921,11530,32117,17071,15046,397,212,185,118390,69699,48691,66991,28650,38341
09,170,00000,000000,0000,000000,DISTRICT,Banda,Total,319963,1799410,965876,833534,294972,155080,139892,387855,208184,179671,163,82,81,1002937,630626,372311,796473,335250,461223
09,170,00000,000000,0000,000000,DISTRICT,Banda,Rural,270245,1523655,819243,704412,259407,136351,123056,344057,184929,159128,61,27,34,811134,519162,291972,712521,300081,412440
09,170,00000,000000,0000,000000,DISTRICT,Banda,Urban,49718,275755,146633,129122,35565,18729,16836,43798,23255,20543,102,55,47,191803,111464,80339,83952,35169,48783
09,171,00000,000000,0000,000000,DISTRICT,Chitrakoot,Total,168232,991730,527721,464009,175311,91919,83392,266655,141379,125276,366,196,170,531072,330339,200733,460658,197382,263276
09,171,00000,000000,0000,000000,DISTRICT,Chitrakoot,Rural,151278,895398,476794,418604,162065,84842,77223,246900,131064,115836,361,193,168,467692,293502,174190,427706,183292,244414
09,171,00000,000000,0000,000000,DISTRICT,Chitrakoot,Urban,16954,96332,50927,45405,13246,7077,6169,19755,10315,9440,5,3,2,63380,36837,26543,32952,14090,18862
09,172,00000,000000,0000,000000,DISTRICT,Fatehpur,Total,472238,2632733,1384722,1248011,390089,204562,185527,651480,342892,308588,340,189,151,1512166,911003,601163,1120567,473719,646848
09,172,00000,000000,0000,000000,DISTRICT,Fatehpur,Rural,414578,2310740,1215690,1095050,349925,183275,166650,604239,317963,286276,304,167,137,1298742,790476,508266,1011998,425214,586784
09,172,00000,000000,0000,000000,DISTRICT,Fatehpur,Urban,57660,321993,169032,152961,40164,21287,18877,47241,24929,22312,36,22,14,213424,120527,92897,108569,48505,60064
09,173,00000,000000,0000,000000,DISTRICT,Pratapgarh,Total,533546,3209141,1606085,1603056,453347,236478,216869,709252,351054,358198,723,380,343,1931559,1121381,810178,1277582,484704,792878
09,173,00000,000000,0000,000000,DISTRICT,Pratapgarh,Rural,505129,3033899,1515583,1518316,431556,225102,206454,691199,341905,349294,453,235,218,1809634,1053356,756278,1224265,462227,762038
09,173,00000,000000,0000,000000,DISTRICT,Pratapgarh,Urban,28417,175242,90502,84740,21791,11376,10415,18053,9149,8904,270,145,125,121925,68025,53900,53317,22477,30840
09,174,00000,000000,0000,000000,DISTRICT,Kaushambi,Total,277851,1599596,838485,761111,272172,141512,130660,555397,291303,264094,193,102,91,813424,507279,306145,786172,331206,454966
09,174,00000,000000,0000,000000,DISTRICT,Kaushambi,Rural,256198,1475140,773335,701805,253815,131928,121887,532594,279256,253338,101,49,52,739042,464180,274862,736098,309155,426943
09,174,00000,000000,0000,000000,DISTRICT,Kaushambi,Urban,21653,124456,65150,59306,18357,9584,8773,22803,12047,10756,92,53,39,74382,43099,31283,50074,22051,28023
09,175,00000,000000,0000,000000,DISTRICT,Allahabad ,Total,976733,5954391,3131807,2822584,885355,467694,417661,1309851,687076,622775,7955,4270,3685,3665727,2199340,1466387,2288664,932467,1356197
09,175,00000,000000,0000,000000,DISTRICT,Allahabad ,Rural,721011,4481518,2340959,2140559,722406,380936,341470,1108075,579398,528677,4861,2557,2304,2584919,1587083,997836,1896599,753876,1142723
09,175,00000,000000,0000,000000,DISTRICT,Allahabad ,Urban,255722,1472873,790848,682025,162949,86758,76191,201776,107678,94098,3094,1713,1381,1080808,612257,468551,392065,178591,213474
09,176,00000,000000,0000,000000,DISTRICT,Bara Banki,Total,579058,3260699,1707073,1553626,519867,269084,250783,864559,453168,411391,610,333,277,1692458,1010518,681940,1568241,696555,871686
09,176,00000,000000,0000,000000,DISTRICT,Bara Banki,Rural,524255,2929896,1533455,1396441,475080,245768,229312,833812,436762,397050,508,280,228,1493624,899301,594323,1436272,634154,802118
09,176,00000,000000,0000,000000,DISTRICT,Bara Banki,Urban,54803,330803,173618,157185,44787,23316,21471,30747,16406,14341,102,53,49,198834,111217,87617,131969,62401,69568
09,177,00000,000000,0000,000000,DISTRICT,Faizabad,Total,423375,2470996,1259628,1211368,360082,186440,173642,555047,281284,273763,931,469,462,1450901,838339,612562,1020095,421289,598806
09,177,00000,000000,0000,000000,DISTRICT,Faizabad,Rural,365711,2130743,1079257,1051486,321675,166286,155389,519511,262829,256682,721,359,362,1209329,703072,506257,921414,376185,545229
09,177,00000,000000,0000,000000,DISTRICT,Faizabad,Urban,57664,340253,180371,159882,38407,20154,18253,35536,18455,17081,210,110,100,241572,135267,106305,98681,45104,53577
09,178,00000,000000,0000,000000,DISTRICT,Ambedkar Nagar,Total,368728,2397888,1212410,1185478,339229,175552,163677,591125,298240,292885,746,406,340,1486939,846676,640263,910949,365734,545215
09,178,00000,000000,0000,000000,DISTRICT,Ambedkar Nagar,Rural,325035,2117158,1067762,1049396,302151,156453,145698,562930,283815,279115,690,376,314,1299666,743063,556603,817492,324699,492793
09,178,00000,000000,0000,000000,DISTRICT,Ambedkar Nagar,Urban,43693,280730,144648,136082,37078,19099,17979,28195,14425,13770,56,30,26,187273,103613,83660,93457,41035,52422
09,179,00000,000000,0000,000000,DISTRICT,Sultanpur,Total,623523,3797117,1914586,1882531,563373,293043,270330,851587,431438,420149,696,358,338,2239902,1300248,939654,1557215,614338,942877
09,179,00000,000000,0000,000000,DISTRICT,Sultanpur,Rural,590446,3597201,1810496,1786705,539343,280416,258927,832547,421560,410987,681,349,332,2093674,1219195,874479,1503527,591301,912226
09,179,00000,000000,0000,000000,DISTRICT,Sultanpur,Urban,33077,199916,104090,95826,24030,12627,11403,19040,9878,9162,15,9,6,146228,81053,65175,53688,23037,30651
09,180,00000,000000,0000,000000,DISTRICT,Bahraich,Total,603754,3487731,1843884,1643847,654794,338419,316375,509307,270226,239081,11159,5606,5553,1398368,878285,520083,2089363,965599,1123764
09,180,00000,000000,0000,000000,DISTRICT,Bahraich,Rural,557893,3203687,1695122,1508565,614992,317709,297283,494161,262362,231799,10961,5498,5463,1230278,785971,444307,1973409,909151,1064258
09,180,00000,000000,0000,000000,DISTRICT,Bahraich,Urban,45861,284044,148762,135282,39802,20710,19092,15146,7864,7282,198,108,90,168090,92314,75776,115954,56448,59506
09,181,00000,000000,0000,000000,DISTRICT,Shrawasti,Total,188289,1117361,593897,523464,211706,109818,101888,189334,101785,87549,5534,2889,2645,423313,276700,146613,694048,317197,376851
09,181,00000,000000,0000,000000,DISTRICT,Shrawasti,Rural,182331,1078712,573681,505031,205898,106836,99062,187982,101060,86922,5517,2882,2635,402379,264837,137542,676333,308844,367489
09,181,00000,000000,0000,000000,DISTRICT,Shrawasti,Urban,5958,38649,20216,18433,5808,2982,2826,1352,725,627,17,7,10,20934,11863,9071,17715,8353,9362
09,182,00000,000000,0000,000000,DISTRICT,Balrampur,Total,323881,2148665,1114721,1033944,394710,202424,192286,277212,145928,131284,24887,12657,12230,868357,544943,323414,1280308,569778,710530
09,182,00000,000000,0000,000000,DISTRICT,Balrampur,Rural,298368,1982274,1027943,954331,371228,190287,180941,268612,141426,127186,24750,12605,12145,773010,491213,281797,1209264,536730,672534
09,182,00000,000000,0000,000000,DISTRICT,Balrampur,Urban,25513,166391,86778,79613,23482,12137,11345,8600,4502,4098,137,52,85,95347,53730,41617,71044,33048,37996
09,183,00000,000000,0000,000000,DISTRICT,Gonda,Total,541247,3433919,1787146,1646773,572386,297178,275208,531973,276656,255317,870,476,394,1679994,1034181,645813,1753925,752965,1000960
09,183,00000,000000,0000,000000,DISTRICT,Gonda,Rural,504278,3208890,1669058,1539832,543982,282320,261662,515769,268210,247559,626,336,290,1529165,950247,578918,1679725,718811,960914
09,183,00000,000000,0000,000000,DISTRICT,Gonda,Urban,36969,225029,118088,106941,28404,14858,13546,16204,8446,7758,244,140,104,150829,83934,66895,74200,34154,40046
09,184,00000,000000,0000,000000,DISTRICT,Siddharthnagar,Total,379351,2559297,1295095,1264202,485138,250683,234455,408763,208990,199773,12021,6087,5934,1228926,740718,488208,1330371,554377,775994
09,184,00000,000000,0000,000000,DISTRICT,Siddharthnagar,Rural,355461,2398606,1212141,1186465,459756,237465,222291,392650,200566,192084,10590,5365,5225,1131307,685236,446071,1267299,526905,740394
09,184,00000,000000,0000,000000,DISTRICT,Siddharthnagar,Urban,23890,160691,82954,77737,25382,13218,12164,16113,8424,7689,1431,722,709,97619,55482,42137,63072,27472,35600
09,185,00000,000000,0000,000000,DISTRICT,Basti,Total,382212,2464464,1255272,1209192,390969,202683,188286,513959,262534,251425,3620,1876,1744,1393783,819719,574064,1070681,435553,635128
09,185,00000,000000,0000,000000,DISTRICT,Basti,Rural,360637,2326367,1182846,1143521,374686,194132,180554,493904,252024,241880,3240,1668,1572,1293319,763479,529840,1033048,419367,613681
09,185,00000,000000,0000,000000,DISTRICT,Basti,Urban,21575,138097,72426,65671,16283,8551,7732,20055,10510,9545,380,208,172,100464,56240,44224,37633,16186,21447
09,186,00000,000000,0000,000000,DISTRICT,Sant Kabir Nagar,Total,256645,1715183,869656,845527,283912,146188,137724,369039,187413,181626,1593,823,770,954949,567098,387851,760234,302558,457676
09,186,00000,000000,0000,000000,DISTRICT,Sant Kabir Nagar,Rural,237921,1586652,802609,784043,264830,136339,128491,353460,179233,174227,1561,802,759,872802,519871,352931,713850,282738,431112
09,186,00000,000000,0000,000000,DISTRICT,Sant Kabir Nagar,Urban,18724,128531,67047,61484,19082,9849,9233,15579,8180,7399,32,21,11,82147,47227,34920,46384,19820,26564
09,187,00000,000000,0000,000000,DISTRICT,Mahrajganj,Total,426565,2684703,1381754,1302949,423537,219357,204180,492976,254426,238550,16435,8361,8074,1419144,881674,537470,1265559,500080,765479
09,187,00000,000000,0000,000000,DISTRICT,Mahrajganj,Rural,404790,2549973,1312126,1237847,406291,210380,195911,475865,245639,230226,15037,7652,7385,1327176,829484,497692,1222797,482642,740155
09,187,00000,000000,0000,000000,DISTRICT,Mahrajganj,Urban,21775,134730,69628,65102,17246,8977,8269,17111,8787,8324,1398,709,689,91968,52190,39778,42762,17438,25324
09,188,00000,000000,0000,000000,DISTRICT,Gorakhpur,Total,692960,4440895,2277777,2163118,628442,329252,299190,936061,481123,454938,18172,9261,8911,2700328,1593890,1106438,1740567,683887,1056680
09,188,00000,000000,0000,000000,DISTRICT,Gorakhpur,Rural,554999,3604766,1838726,1766040,537183,281014,256169,849249,435137,414112,14499,7367,7132,2086628,1250910,835718,1518138,587816,930322
09,188,00000,000000,0000,000000,DISTRICT,Gorakhpur,Urban,137961,836129,439051,397078,91259,48238,43021,86812,45986,40826,3673,1894,1779,613700,342980,270720,222429,96071,126358
09,189,00000,000000,0000,000000,DISTRICT,Kushinagar,Total,561062,3564544,1818055,1746489,568581,294828,273753,544231,278947,265284,80269,41003,39266,1954820,1183722,771098,1609724,634333,975391
09,189,00000,000000,0000,000000,DISTRICT,Kushinagar,Rural,533834,3396437,1730377,1666060,546023,283051,262972,533210,273250,259960,76851,39171,37680,1845751,1121845,723906,1550686,608532,942154
09,189,00000,000000,0000,000000,DISTRICT,Kushinagar,Urban,27228,168107,87678,80429,22558,11777,10781,11021,5697,5324,3418,1832,1586,109069,61877,47192,59038,25801,33237
09,190,00000,000000,0000,000000,DISTRICT,Deoria,Total,468346,3100946,1537436,1563510,464516,241353,223163,468663,235694,232969,109894,54216,55678,1875239,1079288,795951,1225707,458148,767559
09,190,00000,000000,0000,000000,DISTRICT,Deoria,Rural,420650,2784143,1373111,1411032,423581,219929,203652,440954,221038,219916,102946,50588,52358,1654427,955289,699138,1129716,417822,711894
09,190,00000,000000,0000,000000,DISTRICT,Deoria,Urban,47696,316803,164325,152478,40935,21424,19511,27709,14656,13053,6948,3628,3320,220812,123999,96813,95991,40326,55665
09,191,00000,000000,0000,000000,DISTRICT,Azamgarh,Total,665232,4613913,2285004,2328909,706085,367885,338200,1171378,579586,591792,9327,4690,4637,2771917,1559414,1212503,1841996,725590,1116406
09,191,00000,000000,0000,000000,DISTRICT,Azamgarh,Rural,611588,4220512,2082707,2137805,649973,338659,311314,1123453,554540,568913,8276,4148,4128,2511143,1416457,1094686,1709369,666250,1043119
09,191,00000,000000,0000,000000,DISTRICT,Azamgarh,Urban,53644,393401,202297,191104,56112,29226,26886,47925,25046,22879,1051,542,509,260774,142957,117817,132627,59340,73287
09,192,00000,000000,0000,000000,DISTRICT,Mau,Total,324424,2205968,1114709,1091259,341182,177105,164077,474537,241498,233039,22915,11464,11451,1363044,773082,589962,842924,341627,501297
09,192,00000,000000,0000,000000,DISTRICT,Mau,Rural,253645,1706760,858843,847917,264234,137728,126506,422657,214423,208234,21302,10637,10665,1035752,593606,442146,671008,265237,405771
09,192,00000,000000,0000,000000,DISTRICT,Mau,Urban,70779,499208,255866,243342,76948,39377,37571,51880,27075,24805,1613,827,786,327292,179476,147816,171916,76390,95526
09,193,00000,000000,0000,000000,DISTRICT,Ballia,Total,480268,3239774,1672902,1566872,471852,248293,223559,494698,257624,237074,110114,56817,53297,1963590,1160960,802630,1276184,511942,764242
09,193,00000,000000,0000,000000,DISTRICT,Ballia,Rural,435184,2935665,1514018,1421647,431944,227209,204735,466723,242906,223817,99178,51047,48131,1758635,1045031,713604,1177030,468987,708043
09,193,00000,000000,0000,000000,DISTRICT,Ballia,Urban,45084,304109,158884,145225,39908,21084,18824,27975,14718,13257,10936,5770,5166,204955,115929,89026,99154,42955,56199
09,194,00000,000000,0000,000000,DISTRICT,Jaunpur,Total,663513,4494204,2220465,2273739,676216,352561,323655,990345,494226,496119,4736,2363,2373,2731677,1565394,1166283,1762527,655071,1107456
09,194,00000,000000,0000,000000,DISTRICT,Jaunpur,Rural,613244,4147624,2041217,2106407,629787,328260,301527,959704,478315,481389,4486,2237,2249,2491044,1432198,1058846,1656580,609019,1047561
09,194,00000,000000,0000,000000,DISTRICT,Jaunpur,Urban,50269,346580,179248,167332,46429,24301,22128,30641,15911,14730,250,126,124,240633,133196,107437,105947,46052,59895
09,195,00000,000000,0000,000000,DISTRICT,Ghazipur,Total,546664,3620268,1855075,1765193,558559,292774,265785,726641,375015,351626,28712,14664,14048,2197549,1293553,903996,1422719,561522,861197
09,195,00000,000000,0000,000000,DISTRICT,Ghazipur,Rural,505095,3345908,1711651,1634257,520467,272708,247759,700013,361051,338962,27218,13873,13345,2007741,1186471,821270,1338167,525180,812987
09,195,00000,000000,0000,000000,DISTRICT,Ghazipur,Urban,41569,274360,143424,130936,38092,20066,18026,26628,13964,12664,1494,791,703,189808,107082,82726,84552,36342,48210
09,196,00000,000000,0000,000000,DISTRICT,Chandauli,Total,296804,1952756,1017905,934851,309597,162019,147578,446786,235161,211625,41725,21571,20154,1174606,699454,475152,778150,318451,459699
09,196,00000,000000,0000,000000,DISTRICT,Chandauli,Rural,259129,1710203,890630,819573,276287,144390,131897,412719,217180,195539,37688,19482,18206,1014020,608563,405457,696183,282067,414116
09,196,00000,000000,0000,000000,DISTRICT,Chandauli,Urban,37675,242553,127275,115278,33310,17629,15681,34067,17981,16086,4037,2089,1948,160586,90891,69695,81967,36384,45583
09,197,00000,000000,0000,000000,DISTRICT,Varanasi,Total,560162,3676841,1921857,1754984,497151,263762,233389,486958,256483,230475,28617,14992,13625,2403903,1389116,1014787,1272938,532741,740197
09,197,00000,000000,0000,000000,DISTRICT,Varanasi,Rural,306978,2079790,1076526,1003264,306426,162340,144086,358612,187942,170670,19144,9912,9232,1301232,769456,531776,778558,307070,471488
09,197,00000,000000,0000,000000,DISTRICT,Varanasi,Urban,253184,1597051,845331,751720,190725,101422,89303,128346,68541,59805,9473,5080,4393,1102671,619660,483011,494380,225671,268709
09,198,00000,000000,0000,000000,DISTRICT,Sant Ravidas Nagar (Bhadohi),Total,222403,1578213,807099,771114,258583,135979,122604,353103,182617,170486,1873,986,887,910146,546782,363364,668067,260317,407750
09,198,00000,000000,0000,000000,DISTRICT,Sant Ravidas Nagar (Bhadohi),Rural,189745,1348911,686589,662322,223738,117816,105922,322782,166710,156072,1758,920,838,767870,463952,303918,581041,222637,358404
09,198,00000,000000,0000,000000,DISTRICT,Sant Ravidas Nagar (Bhadohi),Urban,32658,229302,120510,108792,34845,18163,16682,30321,15907,14414,115,66,49,142276,82830,59446,87026,37680,49346
09,199,00000,000000,0000,000000,DISTRICT,Mirzapur,Total,394925,2496970,1312302,1184668,410621,215841,194780,661129,347436,313693,20132,10480,9652,1428683,865837,562846,1068287,446465,621822
09,199,00000,000000,0000,000000,DISTRICT,Mirzapur,Rural,339323,2149403,1127138,1022265,363765,191060,172705,613590,321829,291761,19188,9973,9215,1201584,733853,467731,947819,393285,554534
09,199,00000,000000,0000,000000,DISTRICT,Mirzapur,Urban,55602,347567,185164,162403,46856,24781,22075,47539,25607,21932,944,507,437,227099,131984,95115,120468,53180,67288
09,200,00000,000000,0000,000000,DISTRICT,Sonbhadra,Total,333174,1862559,971344,891215,323092,167870,155222,421661,218996,202665,385018,197825,187193,985708,601988,383720,876851,369356,507495
09,200,00000,000000,0000,000000,DISTRICT,Sonbhadra,Rural,270822,1548217,803345,744872,284923,147436,137487,384816,199415,185401,374916,192524,182392,752876,468097,284779,795341,335248,460093
09,200,00000,000000,0000,000000,DISTRICT,Sonbhadra,Urban,62352,314342,167999,146343,38169,20434,17735,36845,19581,17264,10102,5301,4801,232832,133891,98941,81510,34108,47402
09,201,00000,000000,0000,000000,DISTRICT,Etah,Total,290683,1774480,947339,827141,284227,151291,132936,281011,150631,130380,140,87,53,1055202,647042,408160,719278,300297,418981
09,201,00000,000000,0000,000000,DISTRICT,Etah,Rural,245688,1506338,805589,700749,246918,131416,115502,245671,131760,113911,34,20,14,877716,546586,331130,628622,259003,369619
09,201,00000,000000,0000,000000,DISTRICT,Etah,Urban,44995,268142,141750,126392,37309,19875,17434,35340,18871,16469,106,67,39,177486,100456,77030,90656,41294,49362
09,202,00000,000000,0000,000000,DISTRICT,Kanshiram Nagar,Total,237903,1436719,764165,672554,248759,131396,117363,254299,135812,118487,150,80,70,724850,452803,272047,711869,311362,400507
09,202,00000,000000,0000,000000,DISTRICT,Kanshiram Nagar,Rural,190739,1148512,612556,535956,205624,108392,97232,222875,119043,103832,120,66,54,565528,360562,204966,582984,251994,330990
09,202,00000,000000,0000,000000,DISTRICT,Kanshiram Nagar,Urban,47164,288207,151609,136598,43135,23004,20131,31424,16769,14655,30,14,16,159322,92241,67081,128885,59368,69517
10,000,00000,000000,0000,000000,STATE,BIHAR,Total,18913565,104099452,54278157,49821295,19133964,9887239,9246725,16567325,8606253,7961072,1336573,682516,654057,52504553,31608023,20896530,51594899,22670134,28924765
10,000,00000,000000,0000,000000,STATE,BIHAR,Rural,16862940,92341436,48073850,44267586,17383701,8971671,8412030,15344215,7964360,7379855,1270851,648535,622316,44812152,27241830,17570322,47529284,20832020,26697264
10,000,00000,000000,0000,000000,STATE,BIHAR,Urban,2050625,11758016,6204307,5553709,1750263,915568,834695,1223110,641893,581217,65722,33981,31741,7692401,4366193,3326208,4065615,1838114,2227501
10,203,00000,000000,0000,000000,DISTRICT,Pashchim Champaran,Total,710461,3935042,2061110,1873932,776031,397418,378613,553944,289191,264753,250046,127680,122366,1759481,1091226,668255,2175561,969884,1205677
10,203,00000,000000,0000,000000,DISTRICT,Pashchim Champaran,Rural,637354,3541877,1853809,1688068,712017,364155,347862,524727,273843,250884,245578,125327,120251,1525404,956393,569011,2016473,897416,1119057
10,203,00000,000000,0000,000000,DISTRICT,Pashchim Champaran,Urban,73107,393165,207301,185864,64014,33263,30751,29217,15348,13869,4468,2353,2115,234077,134833,99244,159088,72468,86620
10,204,00000,000000,0000,000000,DISTRICT,Purba Champaran,Total,981516,5099371,2681209,2418162,1018297,526835,491462,649726,340363,309363,12461,6454,6007,2276957,1407603,869354,2822414,1273606,1548808
10,204,00000,000000,0000,000000,DISTRICT,Purba Champaran,Rural,909672,4698028,2468181,2229847,949639,491036,458603,612980,320861,292119,11875,6148,5727,2038780,1269900,768880,2659248,1198281,1460967
10,204,00000,000000,0000,000000,DISTRICT,Purba Champaran,Urban,71844,401343,213028,188315,68658,35799,32859,36746,19502,17244,586,306,280,238177,137703,100474,163166,75325,87841
10,205,00000,000000,0000,000000,DISTRICT,Sheohar,Total,150144,656246,346673,309573,128698,66728,61970,96655,51089,45566,318,177,141,283698,171645,112053,372548,175028,197520
10,205,00000,000000,0000,000000,DISTRICT,Sheohar,Rural,144286,628130,331792,296338,123299,63950,59349,92917,49131,43786,296,167,129,269623,163161,106462,358507,168631,189876
10,205,00000,000000,0000,000000,DISTRICT,Sheohar,Urban,5858,28116,14881,13235,5399,2778,2621,3738,1958,1780,22,10,12,14075,8484,5591,14041,6397,7644
10,206,00000,000000,0000,000000,DISTRICT,Sitamarhi,Total,736322,3423574,1803252,1620322,663227,343555,319672,405714,213624,192090,2989,1585,1404,1436794,885188,551606,1986780,918064,1068716
10,206,00000,000000,0000,000000,DISTRICT,Sitamarhi,Rural,699274,3233076,1701685,1531391,632742,327327,305415,388240,204336,183904,2836,1502,1334,1320969,818192,502777,1912107,883493,1028614
10,206,00000,000000,0000,000000,DISTRICT,Sitamarhi,Urban,37048,190498,101567,88931,30485,16228,14257,17474,9288,8186,153,83,70,115825,66996,48829,74673,34571,40102
10,207,00000,000000,0000,000000,DISTRICT,Madhubani,Total,898515,4487379,2329313,2158066,810479,418616,391863,587158,303389,283769,3990,2056,1934,2155338,1340085,815253,2332041,989228,1342813
10,207,00000,000000,0000,000000,DISTRICT,Madhubani,Rural,868524,4325884,2244287,2081597,784704,405228,379476,572195,295686,276509,3859,1985,1874,2058895,1283625,775270,2266989,960662,1306327
10,207,00000,000000,0000,000000,DISTRICT,Madhubani,Urban,29991,161495,85026,76469,25775,13388,12387,14963,7703,7260,131,71,60,96443,56460,39983,65052,28566,36486
10,208,00000,000000,0000,000000,DISTRICT,Supaul,Total,443073,2229076,1155283,1073793,437357,224953,212404,354249,182545,171704,10168,5242,4926,1033283,647672,385611,1195793,507611,688182
10,208,00000,000000,0000,000000,DISTRICT,Supaul,Rural,422580,2123518,1099495,1024023,419703,215813,203890,343484,176922,166562,10027,5163,4864,969344,609988,359356,1154174,489507,664667
10,208,00000,000000,0000,000000,DISTRICT,Supaul,Urban,20493,105558,55788,49770,17654,9140,8514,10765,5623,5142,141,79,62,63939,37684,26255,41619,18104,23515
10,209,00000,000000,0000,000000,DISTRICT,Araria,Total,568142,2811569,1463333,1348236,577886,295315,282571,382654,198247,184407,38848,19887,18961,1195768,727643,468125,1615801,735690,880111
10,209,00000,000000,0000,000000,DISTRICT,Araria,Rural,535361,2642792,1374254,1268538,549701,280883,268818,366088,189565,176523,38337,19609,18728,1094403,669568,424835,1548389,704686,843703
10,209,00000,000000,0000,000000,DISTRICT,Araria,Urban,32781,168777,89079,79698,28185,14432,13753,16566,8682,7884,511,278,233,101365,58075,43290,67412,31004,36408
10,210,00000,000000,0000,000000,DISTRICT,Kishanganj,Total,338445,1690400,866970,823430,346904,175962,170942,113118,57964,55154,64224,32506,31718,745056,439921,305135,945344,427049,518295
10,210,00000,000000,0000,000000,DISTRICT,Kishanganj,Rural,306497,1529277,783318,745959,320066,162319,157747,95770,49079,46691,60968,30877,30091,649466,386310,263156,879811,397008,482803
10,210,00000,000000,0000,000000,DISTRICT,Kishanganj,Urban,31948,161123,83652,77471,26838,13643,13195,17348,8885,8463,3256,1629,1627,95590,53611,41979,65533,30041,35492
10,211,00000,000000,0000,000000,DISTRICT,Purnia,Total,647777,3264619,1699370,1565249,656510,335955,320555,390991,203201,187790,139490,71391,68099,1332326,805261,527065,1932293,894109,1038184
10,211,00000,000000,0000,000000,DISTRICT,Purnia,Rural,581363,2921614,1519522,1402092,603149,308655,294494,358546,186428,172118,121532,62203,59329,1121625,686513,435112,1799989,833009,966980
10,211,00000,000000,0000,000000,DISTRICT,Purnia,Urban,66414,343005,179848,163157,53361,27300,26061,32445,16773,15672,17958,9188,8770,210701,118748,91953,132304,61100,71204
10,212,00000,000000,0000,000000,DISTRICT,Katihar,Total,619076,3071029,1600430,1470599,620332,316391,303941,263100,136429,126671,179971,92190,87781,1280190,762256,517934,1790839,838174,952665
10,212,00000,000000,0000,000000,DISTRICT,Katihar,Rural,565512,2797207,1455744,1341463,580024,295603,284421,231323,119738,111585,174106,89095,85011,1099757,660084,439673,1697450,795660,901790
10,212,00000,000000,0000,000000,DISTRICT,Katihar,Urban,53564,273822,144686,129136,40308,20788,19520,31777,16691,15086,5865,3095,2770,180433,102172,78261,93389,42514,50875
10,213,00000,000000,0000,000000,DISTRICT,Madhepura,Total,401289,2001762,1047559,954203,404576,209571,195005,346275,179337,166938,12532,6442,6090,834577,517666,316911,1167185,529893,637292
10,213,00000,000000,0000,000000,DISTRICT,Madhepura,Rural,383856,1913301,1000760,912541,390262,202199,188063,336576,174330,162246,12207,6269,5938,780081,486207,293874,1133220,514553,618667
10,213,00000,000000,0000,000000,DISTRICT,Madhepura,Urban,17433,88461,46799,41662,14314,7372,6942,9699,5007,4692,325,173,152,54496,31459,23037,33965,15340,18625
10,214,00000,000000,0000,000000,DISTRICT,Saharsa,Total,368979,1900661,997174,903487,387479,200497,186982,317249,164518,152731,6009,3101,2908,804996,506374,298622,1095665,490800,604865
10,214,00000,000000,0000,000000,DISTRICT,Saharsa,Rural,340117,1744121,913883,830238,361731,187056,174675,304657,157925,146732,5593,2880,2713,706077,449094,256983,1038044,464789,573255
10,214,00000,000000,0000,000000,DISTRICT,Saharsa,Urban,28862,156540,83291,73249,25748,13441,12307,12592,6593,5999,416,221,195,98919,57280,41639,57621,26011,31610
10,215,00000,000000,0000,000000,DISTRICT,Darbhanga,Total,803012,3937385,2059949,1877436,725482,375682,349800,615688,322327,293361,2772,1361,1411,1816634,1125566,691068,2120751,934383,1186368
10,215,00000,000000,0000,000000,DISTRICT,Darbhanga,Rural,729100,3554057,1858545,1695512,668296,345871,322425,570735,298657,272078,2205,1088,1117,1569893,984342,585551,1984164,874203,1109961
10,215,00000,000000,0000,000000,DISTRICT,Darbhanga,Urban,73912,383328,201404,181924,57186,29811,27375,44953,23670,21283,567,273,294,246741,141224,105517,136587,60180,76407
10,216,00000,000000,0000,000000,DISTRICT,Muzaffarpur,Total,945703,4801062,2527497,2273565,845335,441339,403996,751975,393135,358840,5979,3124,2855,2509232,1487117,1022115,2291830,1040380,1251450
10,216,00000,000000,0000,000000,DISTRICT,Muzaffarpur,Rural,857133,4327625,2276812,2050813,781937,407934,374003,708488,370147,338341,4759,2479,2280,2180423,1304006,876417,2147202,972806,1174396
10,216,00000,000000,0000,000000,DISTRICT,Muzaffarpur,Urban,88570,473437,250685,222752,63398,33405,29993,43487,22988,20499,1220,645,575,328809,183111,145698,144628,67574,77054
10,217,00000,000000,0000,000000,DISTRICT,Gopalganj,Total,413044,2562012,1267666,1294346,449530,230014,219516,320064,159265,160799,60807,29833,30974,1382998,793905,589093,1179014,473761,705253
10,217,00000,000000,0000,000000,DISTRICT,Gopalganj,Rural,387421,2399207,1184967,1214240,423789,216767,207022,304316,151273,153043,59447,29146,30301,1280064,736279,543785,1119143,448688,670455
10,217,00000,000000,0000,000000,DISTRICT,Gopalganj,Urban,25623,162805,82699,80106,25741,13247,12494,15748,7992,7756,1360,687,673,102934,57626,45308,59871,25073,34798
10,218,00000,000000,0000,000000,DISTRICT,Siwan,Total,535661,3330464,1675090,1655374,551418,284188,267230,386685,195965,190720,87000,43472,43528,1930175,1115906,814269,1400289,559184,841105
10,218,00000,000000,0000,000000,DISTRICT,Siwan,Rural,507055,3147551,1579685,1567866,525960,270816,255144,375375,190048,185327,83773,41803,41970,1807466,1046916,760550,1340085,532769,807316
10,218,00000,000000,0000,000000,DISTRICT,Siwan,Urban,28606,182913,95405,87508,25458,13372,12086,11310,5917,5393,3227,1669,1558,122709,68990,53719,60204,26415,33789
10,219,00000,000000,0000,000000,DISTRICT,Saran,Total,631097,3951862,2022821,1929041,681142,353738,327404,474066,242976,231090,36786,18322,18464,2157454,1285767,871687,1794408,737054,1057354
10,219,00000,000000,0000,000000,DISTRICT,Saran,Rural,575224,3598660,1838119,1760541,627261,325524,301737,438183,224216,213967,35885,17846,18039,1932589,1156940,775649,1666071,681179,984892
10,219,00000,000000,0000,000000,DISTRICT,Saran,Urban,55873,353202,184702,168500,53881,28214,25667,35883,18760,17123,901,476,425,224865,128827,96038,128337,55875,72462
10,220,00000,000000,0000,000000,DISTRICT,Vaishali,Total,626087,3495021,1844535,1650486,601893,316129,285764,738031,387827,350204,2274,1232,1042,1926740,1152576,774164,1568281,691959,876322
10,220,00000,000000,0000,000000,DISTRICT,Vaishali,Rural,587807,3261942,1721221,1540721,566520,297503,269017,697630,366471,331159,2068,1113,955,1779987,1068503,711484,1481955,652718,829237
10,220,00000,000000,0000,000000,DISTRICT,Vaishali,Urban,38280,233079,123314,109765,35373,18626,16747,40401,21356,19045,206,119,87,146753,84073,62680,86326,39241,47085
10,221,00000,000000,0000,000000,DISTRICT,Samastipur,Total,835493,4261566,2230003,2031563,797381,414586,382795,803128,417944,385184,1884,975,909,2142880,1293575,849305,2118686,936428,1182258
10,221,00000,000000,0000,000000,DISTRICT,Samastipur,Rural,807402,4113769,2152273,1961496,776342,403559,372783,779343,405637,373706,1316,696,620,2040582,1236255,804327,2073187,916018,1157169
10,221,00000,000000,0000,000000,DISTRICT,Samastipur,Urban,28091,147797,77730,70067,21039,11027,10012,23785,12307,11478,568,279,289,102298,57320,44978,45499,20410,25089
10,222,00000,000000,0000,000000,DISTRICT,Begusarai,Total,589667,2970541,1567660,1402881,545965,284517,261448,432270,227481,204789,1597,848,749,1548673,918507,630166,1421868,649153,772715
10,222,00000,000000,0000,000000,DISTRICT,Begusarai,Rural,482492,2400718,1266308,1134410,449629,234183,215446,371169,195063,176106,833,447,386,1205992,721880,484112,1194726,544428,650298
10,222,00000,000000,0000,000000,DISTRICT,Begusarai,Urban,107175,569823,301352,268471,96336,50334,46002,61101,32418,28683,764,401,363,342681,196627,146054,227142,104725,122417
10,223,00000,000000,0000,000000,DISTRICT,Khagaria,Total,328823,1666886,883786,783100,340880,177007,163873,247161,130191,116970,675,352,323,768028,461153,306875,898858,422633,476225
10,223,00000,000000,0000,000000,DISTRICT,Khagaria,Rural,312717,1579727,837281,742446,326674,169610,157064,240583,126665,113918,579,304,275,712044,429300,282744,867683,407981,459702
10,223,00000,000000,0000,000000,DISTRICT,Khagaria,Urban,16106,87159,46505,40654,14206,7397,6809,6578,3526,3052,96,48,48,55984,31853,24131,31175,14652,16523
10,224,00000,000000,0000,000000,DISTRICT,Bhagalpur,Total,564711,3037766,1615663,1422103,546382,281937,264445,318569,169667,148902,67180,35545,31635,1573066,937669,635397,1464700,677994,786706
10,224,00000,000000,0000,000000,DISTRICT,Bhagalpur,Rural,458408,2435234,1295386,1139848,457010,235266,221744,269088,143340,125748,65636,34788,30848,1183706,716790,466916,1251528,578596,672932
10,224,00000,000000,0000,000000,DISTRICT,Bhagalpur,Urban,106303,602532,320277,282255,89372,46671,42701,49481,26327,23154,1544,757,787,389360,220879,168481,213172,99398,113774
10,225,00000,000000,0000,000000,DISTRICT,Banka,Total,381601,2034763,1067140,967623,375282,193179,182103,247858,129663,118195,90432,45901,44531,965321,590961,374360,1069442,476179,593263
10,225,00000,000000,0000,000000,DISTRICT,Banka,Rural,367997,1963450,1029097,934353,363741,187100,176641,240233,125621,114612,90210,45791,44419,921921,565932,355989,1041529,463165,578364
10,225,00000,000000,0000,000000,DISTRICT,Banka,Urban,13604,71313,38043,33270,11541,6079,5462,7625,4042,3583,222,110,112,43400,25029,18371,27913,13014,14899
10,226,00000,000000,0000,000000,DISTRICT,Munger,Total,263171,1367765,729041,638724,229860,119611,110249,183846,97195,86651,21404,10995,10409,801817,473741,328076,565948,255300,310648
10,226,00000,000000,0000,000000,DISTRICT,Munger,Rural,192161,987645,527299,460346,176627,91677,84950,148713,78652,70061,19548,10058,9490,537021,324241,212780,450624,203058,247566
10,226,00000,000000,0000,000000,DISTRICT,Munger,Urban,71010,380120,201742,178378,53233,27934,25299,35133,18543,16590,1856,937,919,264796,149500,115296,115324,52242,63082
10,227,00000,000000,0000,000000,DISTRICT,Lakhisarai,Total,163355,1000912,526345,474567,188214,98050,90164,153209,80069,73140,8333,4247,4086,507270,305182,202088,493642,221163,272479
10,227,00000,000000,0000,000000,DISTRICT,Lakhisarai,Rural,139248,857901,450863,407038,163867,85124,78743,138294,72261,66033,8125,4132,3993,422622,256145,166477,435279,194718,240561
10,227,00000,000000,0000,000000,DISTRICT,Lakhisarai,Urban,24107,143011,75482,67529,24347,12926,11421,14915,7808,7107,208,115,93,84648,49037,35611,58363,26445,31918
10,228,00000,000000,0000,000000,DISTRICT,Sheikhpura,Total,100701,636342,329743,306599,121647,62710,58937,131115,67582,63533,617,305,312,328676,196431,132245,307666,133312,174354
10,228,00000,000000,0000,000000,DISTRICT,Sheikhpura,Rural,82905,527340,272360,254980,103050,52975,50075,113243,58305,54938,507,251,256,264495,159124,105371,262845,113236,149609
10,228,00000,000000,0000,000000,DISTRICT,Sheikhpura,Urban,17796,109002,57383,51619,18597,9735,8862,17872,9277,8595,110,54,56,64181,37307,26874,44821,20076,24745
10,229,00000,000000,0000,000000,DISTRICT,Nalanda,Total,477529,2877653,1497060,1380593,518681,268660,250021,607672,315240,292432,1442,728,714,1519933,919558,600375,1357720,577502,780218
10,229,00000,000000,0000,000000,DISTRICT,Nalanda,Rural,401779,2419759,1257728,1162031,446213,231006,215207,555144,288063,267081,1224,630,594,1232191,756523,475668,1187568,501205,686363
10,229,00000,000000,0000,000000,DISTRICT,Nalanda,Urban,75750,457894,239332,218562,72468,37654,34814,52528,27177,25351,218,98,120,287742,163035,124707,170152,76297,93855
10,230,00000,000000,0000,000000,DISTRICT,Patna,Total,975578,5838465,3078512,2759953,943552,494228,449324,920918,482088,438830,9069,4717,4352,3459679,2028047,1431632,2378786,1050465,1328321
10,230,00000,000000,0000,000000,DISTRICT,Patna,Rural,546154,3323875,1746025,1577850,613960,319223,294737,664269,346536,317733,2156,1120,1036,1690372,1035473,654899,1633503,710552,922951
10,230,00000,000000,0000,000000,DISTRICT,Patna,Urban,429424,2514590,1332487,1182103,329592,175005,154587,256649,135552,121097,6913,3597,3316,1769307,992574,776733,745283,339913,405370
10,231,00000,000000,0000,000000,DISTRICT,Bhojpur,Total,416090,2728407,1430380,1298027,459187,239364,219823,425402,222716,202686,13977,7363,6614,1599151,973486,625665,1129256,456894,672362
10,231,00000,000000,0000,000000,DISTRICT,Bhojpur,Rural,356659,2338546,1224274,1114272,402269,209464,192805,387691,202966,184725,11759,6217,5542,1339063,824719,514344,999483,399555,599928
10,231,00000,000000,0000,000000,DISTRICT,Bhojpur,Urban,59431,389861,206106,183755,56918,29900,27018,37711,19750,17961,2218,1146,1072,260088,148767,111321,129773,57339,72434
10,232,00000,000000,0000,000000,DISTRICT,Buxar,Total,261660,1706352,887977,818375,295127,152626,142501,251737,131821,119916,26824,14102,12722,989807,593544,396263,716545,294433,422112
10,232,00000,000000,0000,000000,DISTRICT,Buxar,Rural,235177,1541853,801086,740767,271245,140096,131149,237430,124249,113181,23852,12514,11338,878180,530083,348097,663673,271003,392670
10,232,00000,000000,0000,000000,DISTRICT,Buxar,Urban,26483,164499,86891,77608,23882,12530,11352,14307,7572,6735,2972,1588,1384,111627,63461,48166,52872,23430,29442
10,233,00000,000000,0000,000000,DISTRICT,Kaimur (Bhabua),Total,250884,1626384,847006,779378,299281,154105,145176,369088,192686,176402,57981,29717,28264,920276,549923,370353,706108,297083,409025
10,233,00000,000000,0000,000000,DISTRICT,Kaimur (Bhabua),Rural,240695,1560813,812298,748515,289652,149070,140582,361112,188443,172669,56361,28874,27487,874045,523725,350320,686768,288573,398195
10,233,00000,000000,0000,000000,DISTRICT,Kaimur (Bhabua),Urban,10189,65571,34708,30863,9629,5035,4594,7976,4243,3733,1620,843,777,46231,26198,20033,19340,8510,10830
10,234,00000,000000,0000,000000,DISTRICT,Rohtas,Total,460345,2959918,1543546,1416372,506810,262474,244336,549546,286596,262950,31650,16399,15251,1799832,1061783,738049,1160086,481763,678323
10,234,00000,000000,0000,000000,DISTRICT,Rohtas,Rural,390394,2532153,1318276,1213877,443797,229547,214250,509105,265406,243699,28435,14732,13703,1514047,898959,615088,1018106,419317,598789
10,234,00000,000000,0000,000000,DISTRICT,Rohtas,Urban,69951,427765,225270,202495,63013,32927,30086,40441,21190,19251,3215,1667,1548,285785,162824,122961,141980,62446,79534
10,235,00000,000000,0000,000000,DISTRICT,Aurangabad,Total,391898,2540073,1318684,1221389,455394,234256,221138,612064,316161,295903,1033,500,533,1466002,868733,597269,1074071,449951,624120
10,235,00000,000000,0000,000000,DISTRICT,Aurangabad,Rural,355036,2303219,1194619,1108600,418320,215079,203241,583289,301151,282138,823,389,434,1308038,779572,528466,995181,415047,580134
10,235,00000,000000,0000,000000,DISTRICT,Aurangabad,Urban,36862,236854,124065,112789,37074,19177,17897,28775,15010,13765,210,111,99,157964,89161,68803,78890,34904,43986
10,236,00000,000000,0000,000000,DISTRICT,Gaya,Total,688425,4391418,2266566,2124852,783059,399426,383633,1334351,683943,650408,3098,1635,1463,2297613,1368803,928810,2093805,897763,1196042
10,236,00000,000000,0000,000000,DISTRICT,Gaya,Rural,598783,3809817,1960592,1849225,702181,357342,344839,1264597,647664,616933,2434,1245,1189,1895908,1143417,752491,1913909,817175,1096734
10,236,00000,000000,0000,000000,DISTRICT,Gaya,Urban,89642,581601,305974,275627,80878,42084,38794,69754,36279,33475,664,390,274,401705,225386,176319,179896,80588,99308
10,237,00000,000000,0000,000000,DISTRICT,Nawada,Total,338247,2219146,1144668,1074478,393547,202310,191237,565112,290050,275062,2045,997,1048,1091012,659474,431538,1128134,485194,642940
10,237,00000,000000,0000,000000,DISTRICT,Nawada,Rural,304903,2003567,1031656,971911,360402,185097,175305,540032,277051,262981,1878,916,962,954092,582080,372012,1049475,449576,599899
10,237,00000,000000,0000,000000,DISTRICT,Nawada,Urban,33344,215579,113012,102567,33145,17213,15932,25080,12999,12081,167,81,86,136920,77394,59526,78659,35618,43041
10,238,00000,000000,0000,000000,DISTRICT,Jamui,Total,307082,1760405,916064,844341,324513,165945,158568,302649,155849,146800,78793,40185,38608,858588,534385,324203,901817,381679,520138
10,238,00000,000000,0000,000000,DISTRICT,Jamui,Rural,282205,1615072,839776,775296,301124,153863,147261,283426,145848,137578,78201,39903,38298,767311,481184,286127,847761,358592,489169
10,238,00000,000000,0000,000000,DISTRICT,Jamui,Urban,24877,145333,76288,69045,23389,12082,11307,19223,10001,9222,592,282,310,91277,53201,38076,54056,23087,30969
10,239,00000,000000,0000,000000,DISTRICT,Jehanabad ,Total,181740,1125313,585582,539731,198785,103452,95333,222974,115034,107940,1285,667,618,618881,374412,244469,506432,211170,295262
10,239,00000,000000,0000,000000,DISTRICT,Jehanabad ,Rural,159920,990117,514154,475963,178151,92595,85556,203509,104847,98662,1111,579,532,531441,324140,207301,458676,190014,268662
10,239,00000,000000,0000,000000,DISTRICT,Jehanabad ,Urban,21820,135196,71428,63768,20634,10857,9777,19465,10187,9278,174,88,86,87440,50272,37168,47756,21156,26600
10,240,00000,000000,0000,000000,DISTRICT,Arwal,Total,118222,700843,363497,337346,127841,65910,61931,141314,72885,68429,590,283,307,386351,235279,151072,314492,128218,186274
10,240,00000,000000,0000,000000,DISTRICT,Arwal,Rural,109769,648994,336420,312574,118647,61156,57491,131715,67936,63779,512,249,263,354235,216267,137968,294759,120153,174606
10,240,00000,000000,0000,000000,DISTRICT,Arwal,Urban,8453,51849,27077,24772,9194,4754,4440,9599,4949,4650,78,34,44,32116,19012,13104,19733,8065,11668
11,000,00000,000000,0000,000000,STATE,SIKKIM,Total,129006,610577,323070,287507,64111,32761,31350,28275,14454,13821,206360,105261,101099,444952,251269,193683,165625,71801,93824
11,000,00000,000000,0000,000000,STATE,SIKKIM,Rural,93288,456999,242797,214202,49218,25061,24157,20335,10496,9839,167146,86059,81087,321930,184245,137685,135069,58552,76517
11,000,00000,000000,0000,000000,STATE,SIKKIM,Urban,35718,153578,80273,73305,14893,7700,7193,7940,3958,3982,39214,19202,20012,123022,67024,55998,30556,13249,17307
11,241,00000,000000,0000,000000,DISTRICT,North  District,Total,8873,43709,24730,18979,4677,2425,2252,982,536,446,28715,14741,13974,30450,18579,11871,13259,6151,7108
11,241,00000,000000,0000,000000,DISTRICT,North  District,Rural,7819,39065,22274,16791,4092,2116,1976,804,441,363,26695,13751,12944,27048,16694,10354,12017,5580,6437
11,241,00000,000000,0000,000000,DISTRICT,North  District,Urban,1054,4644,2456,2188,585,309,276,178,95,83,2020,990,1030,3402,1885,1517,1242,571,671
11,242,00000,000000,0000,000000,DISTRICT,West District,Total,28023,136435,70238,66197,15706,7996,7710,5935,3117,2818,57817,29485,28332,93432,51988,41444,43003,18250,24753
11,242,00000,000000,0000,000000,DISTRICT,West District,Rural,26890,131187,67528,63659,15167,7722,7445,5663,2978,2685,56394,28773,27621,89225,49711,39514,41962,17817,24145
11,242,00000,000000,0000,000000,DISTRICT,West District,Urban,1133,5248,2710,2538,539,274,265,272,139,133,1423,712,711,4207,2277,1930,1041,433,608
11,243,00000,000000,0000,000000,DISTRICT,South District,Total,30543,146850,76670,70180,15744,8063,7681,6053,3058,2995,41392,21556,19836,106741,59357,47384,40109,17313,22796
11,243,00000,000000,0000,000000,DISTRICT,South District,Rural,25703,125651,65848,59803,13736,7024,6712,5042,2569,2473,36909,19365,17544,89766,50339,39427,35885,15509,20376
11,243,00000,000000,0000,000000,DISTRICT,South District,Urban,4840,21199,10822,10377,2008,1039,969,1011,489,522,4483,2191,2292,16975,9018,7957,4224,1804,2420
11,244,00000,000000,0000,000000,DISTRICT,East District,Total,61567,283583,151432,132151,27984,14277,13707,15305,7743,7562,78436,39479,38957,214329,121345,92984,69254,30087,39167
11,244,00000,000000,0000,000000,DISTRICT,East District,Rural,32876,161096,87147,73949,16223,8199,8024,8826,4508,4318,47148,24170,22978,115891,67501,48390,45205,19646,25559
11,244,00000,000000,0000,000000,DISTRICT,East District,Urban,28691,122487,64285,58202,11761,6078,5683,6479,3235,3244,31288,15309,15979,98438,53844,44594,24049,10441,13608
12,000,00000,000000,0000,000000,STATE,ARUNACHAL PRADESH,Total,270577,1383727,713912,669815,212188,107624,104564,0,0,0,951821,468390,483431,766005,439868,326137,617722,274044,343678
12,000,00000,000000,0000,000000,STATE,ARUNACHAL PRADESH,Rural,200210,1066358,546011,520347,172289,87241,85048,0,0,0,789846,390625,399221,535902,309390,226512,530456,236621,293835
12,000,00000,000000,0000,000000,STATE,ARUNACHAL PRADESH,Urban,70367,317369,167901,149468,39899,20383,19516,0,0,0,161975,77765,84210,230103,130478,99625,87266,37423,49843
12,245,00000,000000,0000,000000,DISTRICT,Tawang,Total,10062,49977,29151,20826,5788,2914,2874,0,0,0,34811,16770,18041,26073,17720,8353,23904,11431,12473
12,245,00000,000000,0000,000000,DISTRICT,Tawang,Rural,8377,38775,20792,17983,5099,2568,2531,0,0,0,31105,15024,16081,16519,10035,6484,22256,10757,11499
12,245,00000,000000,0000,000000,DISTRICT,Tawang,Urban,1685,11202,8359,2843,689,346,343,0,0,0,3706,1746,1960,9554,7685,1869,1648,674,974
12,246,00000,000000,0000,000000,DISTRICT,West Kameng,Total,18159,83947,46155,37792,11643,5900,5743,0,0,0,46380,22771,23609,48492,29566,18926,35455,16589,18866
12,246,00000,000000,0000,000000,DISTRICT,West Kameng,Rural,14069,68015,37809,30206,9812,4988,4824,0,0,0,38846,19104,19742,37463,23353,14110,30552,14456,16096
12,246,00000,000000,0000,000000,DISTRICT,West Kameng,Urban,4090,15932,8346,7586,1831,912,919,0,0,0,7534,3667,3867,11029,6213,4816,4903,2133,2770
12,247,00000,000000,0000,000000,DISTRICT,East Kameng,Total,14508,78690,38775,39915,14626,7311,7315,0,0,0,72400,35266,37134,38449,21599,16850,40241,17176,23065
12,247,00000,000000,0000,000000,DISTRICT,East Kameng,Rural,10898,60340,29506,30834,11238,5604,5634,0,0,0,57797,28146,29651,26914,15103,11811,33426,14403,19023
12,247,00000,000000,0000,000000,DISTRICT,East Kameng,Urban,3610,18350,9269,9081,3388,1707,1681,0,0,0,14603,7120,7483,11535,6496,5039,6815,2773,4042
12,248,00000,000000,0000,000000,DISTRICT,Papum Pare,Total,35730,176573,89182,87391,25170,12729,12441,0,0,0,117216,56469,60747,121048,65794,55254,55525,23388,32137
12,248,00000,000000,0000,000000,DISTRICT,Papum Pare,Rural,14245,79610,39935,39675,12525,6237,6288,0,0,0,61451,29711,31740,49601,27273,22328,30009,12662,17347
12,248,00000,000000,0000,000000,DISTRICT,Papum Pare,Urban,21485,96963,49247,47716,12645,6492,6153,0,0,0,55765,26758,29007,71447,38521,32926,25516,10726,14790
12,249,00000,000000,0000,000000,DISTRICT,Upper Subansiri,Total,15869,83448,41758,41690,12475,6332,6143,0,0,0,78323,38570,39753,45278,24807,20471,38170,16951,21219
12,249,00000,000000,0000,000000,DISTRICT,Upper Subansiri,Rural,13231,70043,34840,35203,10670,5449,5221,0,0,0,67960,33550,34410,36059,19615,16444,33984,15225,18759
12,249,00000,000000,0000,000000,DISTRICT,Upper Subansiri,Urban,2638,13405,6918,6487,1805,883,922,0,0,0,10363,5020,5343,9219,5192,4027,4186,1726,2460
12,250,00000,000000,0000,000000,DISTRICT,West Siang,Total,21231,112274,58168,54106,14855,7655,7200,0,0,0,92783,45746,47037,64746,36777,27969,47528,21391,26137
12,250,00000,000000,0000,000000,DISTRICT,West Siang,Rural,15771,87306,44687,42619,11992,6179,5813,0,0,0,78260,38874,39386,45874,25933,19941,41432,18754,22678
12,250,00000,000000,0000,000000,DISTRICT,West Siang,Urban,5460,24968,13481,11487,2863,1476,1387,0,0,0,14523,6872,7651,18872,10844,8028,6096,2637,3459
12,251,00000,000000,0000,000000,DISTRICT,East Siang,Total,19107,99214,50116,49098,12955,6517,6438,0,0,0,69979,34533,35446,62576,34210,28366,36638,15906,20732
12,251,00000,000000,0000,000000,DISTRICT,East Siang,Rural,12918,71579,36147,35432,9694,4836,4858,0,0,0,57744,28785,28959,43064,23694,19370,28515,12453,16062
12,251,00000,000000,0000,000000,DISTRICT,East Siang,Urban,6189,27635,13969,13666,3261,1681,1580,0,0,0,12235,5748,6487,19512,10516,8996,8123,3453,4670
12,252,00000,000000,0000,000000,DISTRICT,Upper Siang,Total,7324,35320,18699,16621,4988,2563,2425,0,0,0,28468,14413,14055,18195,10723,7472,17125,7976,9149
12,252,00000,000000,0000,000000,DISTRICT,Upper Siang,Rural,5729,28780,15335,13445,4103,2104,1999,0,0,0,24498,12492,12006,13718,8280,5438,15062,7055,8007
12,252,00000,000000,0000,000000,DISTRICT,Upper Siang,Urban,1595,6540,3364,3176,885,459,426,0,0,0,3970,1921,2049,4477,2443,2034,2063,921,1142
12,253,00000,000000,0000,000000,DISTRICT,Changlang,Total,29521,148226,76948,71278,25869,13075,12794,0,0,0,53878,27061,26817,73174,44027,29147,75052,32921,42131
12,253,00000,000000,0000,000000,DISTRICT,Changlang,Rural,24858,128998,66283,62715,23628,11939,11689,0,0,0,48221,24246,23975,58747,35423,23324,70251,30860,39391
12,253,00000,000000,0000,000000,DISTRICT,Changlang,Urban,4663,19228,10665,8563,2241,1136,1105,0,0,0,5657,2815,2842,14427,8604,5823,4801,2061,2740
12,254,00000,000000,0000,000000,DISTRICT,Tirap,Total,20611,111975,57604,54371,20045,10223,9822,0,0,0,98372,49365,49007,47974,29313,18661,64001,28291,35710
12,254,00000,000000,0000,000000,DISTRICT,Tirap,Rural,15978,91165,46185,44980,17398,8845,8553,0,0,0,87509,44101,43408,33299,20628,12671,57866,25557,32309
12,254,00000,000000,0000,000000,DISTRICT,Tirap,Urban,4633,20810,11419,9391,2647,1378,1269,0,0,0,10863,5264,5599,14675,8685,5990,6135,2734,3401
12,255,00000,000000,0000,000000,DISTRICT,Lower Subansiri,Total,15249,83030,41843,41187,10320,5248,5072,0,0,0,72911,35803,37108,54057,29470,24587,28973,12373,16600
12,255,00000,000000,0000,000000,DISTRICT,Lower Subansiri,Rural,12245,70224,35460,34764,8890,4537,4353,0,0,0,64374,31912,32462,44328,24376,19952,25896,11084,14812
12,255,00000,000000,0000,000000,DISTRICT,Lower Subansiri,Urban,3004,12806,6383,6423,1430,711,719,0,0,0,8537,3891,4646,9729,5094,4635,3077,1289,1788
12,256,00000,000000,0000,000000,DISTRICT,Kurung Kumey,Total,15037,92076,45318,46758,16988,8568,8420,0,0,0,90764,44459,46305,36606,20258,16348,55470,25060,30410
12,256,00000,000000,0000,000000,DISTRICT,Kurung Kumey,Rural,14574,89731,44072,45659,16525,8324,8201,0,0,0,88658,43406,45252,35299,19486,15813,54432,24586,29846
12,256,00000,000000,0000,000000,DISTRICT,Kurung Kumey,Urban,463,2345,1246,1099,463,244,219,0,0,0,2106,1053,1053,1307,772,535,1038,474,564
12,257,00000,000000,0000,000000,DISTRICT,Dibang Valley,Total,1952,8004,4414,3590,1084,574,510,0,0,0,5701,2850,2851,4436,2614,1822,3568,1800,1768
12,257,00000,000000,0000,000000,DISTRICT,Dibang Valley,Rural,1331,5620,3098,2522,775,409,366,0,0,0,4480,2285,2195,2692,1587,1105,2928,1511,1417
12,257,00000,000000,0000,000000,DISTRICT,Dibang Valley,Urban,621,2384,1316,1068,309,165,144,0,0,0,1221,565,656,1744,1027,717,640,289,351
12,258,00000,000000,0000,000000,DISTRICT,Lower Dibang Valley,Total,11600,54080,28053,26027,8009,4112,3897,0,0,0,25974,12649,13325,31849,18087,13762,22231,9966,12265
12,258,00000,000000,0000,000000,DISTRICT,Lower Dibang Valley,Rural,8983,42691,21989,20702,6852,3495,3357,0,0,0,22579,11024,11555,22805,13079,9726,19886,8910,10976
12,258,00000,000000,0000,000000,DISTRICT,Lower Dibang Valley,Urban,2617,11389,6064,5325,1157,617,540,0,0,0,3395,1625,1770,9044,5008,4036,2345,1056,1289
12,259,00000,000000,0000,000000,DISTRICT,Lohit,Total,30005,145726,76221,69505,23901,12159,11742,0,0,0,47410,23457,23953,83062,48380,34682,62664,27841,34823
12,259,00000,000000,0000,000000,DISTRICT,Lohit,Rural,22578,113296,58991,54305,19699,10022,9677,0,0,0,40355,19964,20391,60252,35452,24800,53044,23539,29505
12,259,00000,000000,0000,000000,DISTRICT,Lohit,Urban,7427,32430,17230,15200,4202,2137,2065,0,0,0,7055,3493,3562,22810,12928,9882,9620,4302,5318
12,260,00000,000000,0000,000000,DISTRICT,Anjaw,Total,4612,21167,11507,9660,3472,1744,1728,0,0,0,16451,8208,8243,9990,6523,3467,11177,4984,6193
12,260,00000,000000,0000,000000,DISTRICT,Anjaw,Rural,4425,20185,10882,9303,3389,1705,1684,0,0,0,16009,8001,8008,9268,6073,3195,10917,4809,6108
12,260,00000,000000,0000,000000,DISTRICT,Anjaw,Urban,187,982,625,357,83,39,44,0,0,0,442,207,235,722,450,272,260,175,85
13,000,00000,000000,0000,000000,STATE,NAGALAND,Total,396002,1978502,1024649,953853,291071,149785,141286,0,0,0,1710973,866027,844946,1342434,723957,618477,636068,300692,335376
13,000,00000,000000,0000,000000,STATE,NAGALAND,Rural,277491,1407536,725472,682064,217482,112483,104999,0,0,0,1306838,665351,641487,896663,484021,412642,510873,241451,269422
13,000,00000,000000,0000,000000,STATE,NAGALAND,Urban,118511,570966,299177,271789,73589,37302,36287,0,0,0,404135,200676,203459,445771,239936,205835,125195,59241,65954
13,261,00000,000000,0000,000000,DISTRICT,Mon,Total,41978,250260,131753,118507,40342,21099,19243,0,0,0,238285,124343,113942,119626,67432,52194,130634,64321,66313
13,261,00000,000000,0000,000000,DISTRICT,Mon,Rural,35822,215816,113469,102347,35132,18407,16725,0,0,0,209012,109343,99669,94931,53938,40993,120885,59531,61354
13,261,00000,000000,0000,000000,DISTRICT,Mon,Urban,6156,34444,18284,16160,5210,2692,2518,0,0,0,29273,15000,14273,24695,13494,11201,9749,4790,4959
13,262,00000,000000,0000,000000,DISTRICT,Mokokchung,Total,42690,194622,101092,93530,20536,10534,10002,0,0,0,178431,90567,87864,159494,83479,76015,35128,17613,17515
13,262,00000,000000,0000,000000,DISTRICT,Mokokchung,Rural,29960,138897,71373,67524,14907,7649,7258,0,0,0,131619,66954,64665,112611,58307,54304,26286,13066,13220
13,262,00000,000000,0000,000000,DISTRICT,Mokokchung,Urban,12730,55725,29719,26006,5629,2885,2744,0,0,0,46812,23613,23199,46883,25172,21711,8842,4547,4295
13,263,00000,000000,0000,000000,DISTRICT,Zunheboto,Total,27835,140757,71217,69540,20093,10316,9777,0,0,0,136561,68071,68490,102881,53504,49377,37876,17713,20163
13,263,00000,000000,0000,000000,DISTRICT,Zunheboto,Rural,23014,113160,56786,56374,16552,8582,7970,0,0,0,111875,55946,55929,80149,41377,38772,33011,15409,17602
13,263,00000,000000,0000,000000,DISTRICT,Zunheboto,Urban,4821,27597,14431,13166,3541,1734,1807,0,0,0,24686,12125,12561,22732,12127,10605,4865,2304,2561
13,264,00000,000000,0000,000000,DISTRICT,Wokha,Total,31891,166343,84505,81838,20138,10298,9840,0,0,0,156621,78816,77805,128208,67385,60823,38135,17120,21015
13,264,00000,000000,0000,000000,DISTRICT,Wokha,Rural,25618,131339,66435,64904,16438,8443,7995,0,0,0,125051,63008,62043,98221,51667,46554,33118,14768,18350
13,264,00000,000000,0000,000000,DISTRICT,Wokha,Urban,6273,35004,18070,16934,3700,1855,1845,0,0,0,31570,15808,15762,29987,15718,14269,5017,2352,2665
13,265,00000,000000,0000,000000,DISTRICT,Dimapur ,Total,78605,378811,197394,181417,50898,25889,25009,0,0,0,223989,110892,113097,278037,150142,127895,100774,47252,53522
13,265,00000,000000,0000,000000,DISTRICT,Dimapur ,Rural,36505,180942,93435,87507,26063,13228,12835,0,0,0,130996,65667,65329,126822,68340,58482,54120,25095,29025
13,265,00000,000000,0000,000000,DISTRICT,Dimapur ,Urban,42100,197869,103959,93910,24835,12661,12174,0,0,0,92993,45225,47768,151215,81802,69413,46654,22157,24497
13,266,00000,000000,0000,000000,DISTRICT,Phek,Total,36639,163418,83743,79675,27752,14505,13247,0,0,0,157146,79536,77610,105893,57926,47967,57525,25817,31708
13,266,00000,000000,0000,000000,DISTRICT,Phek,Rural,31582,138843,70529,68314,24310,12754,11556,0,0,0,136351,68920,67431,87233,47337,39896,51610,23192,28418
13,266,00000,000000,0000,000000,DISTRICT,Phek,Urban,5057,24575,13214,11361,3442,1751,1691,0,0,0,20795,10616,10179,18660,10589,8071,5915,2625,3290
13,267,00000,000000,0000,000000,DISTRICT,Tuensang,Total,36742,196596,101933,94663,35790,18516,17274,0,0,0,190916,98212,92704,117511,63653,53858,79085,38280,40805
13,267,00000,000000,0000,000000,DISTRICT,Tuensang,Rural,29782,159822,82462,77360,30061,15596,14465,0,0,0,157448,81043,76405,88952,48113,40839,70870,34349,36521
13,267,00000,000000,0000,000000,DISTRICT,Tuensang,Urban,6960,36774,19471,17303,5729,2920,2809,0,0,0,33468,17169,16299,28559,15540,13019,8215,3931,4284
13,268,00000,000000,0000,000000,DISTRICT,Longleng,Total,11985,50484,26502,23982,9110,4832,4278,0,0,0,48615,25268,23347,29859,16139,13720,20625,10363,10262
13,268,00000,000000,0000,000000,DISTRICT,Longleng,Rural,10295,42871,22511,20360,7884,4218,3666,0,0,0,41778,21787,19991,24018,13016,11002,18853,9495,9358
13,268,00000,000000,0000,000000,DISTRICT,Longleng,Urban,1690,7613,3991,3622,1226,614,612,0,0,0,6837,3481,3356,5841,3123,2718,1772,868,904
13,269,00000,000000,0000,000000,DISTRICT,Kiphire,Total,14771,74004,37830,36174,14711,7550,7161,0,0,0,71429,36217,35212,41232,22675,18557,32772,15155,17617
13,269,00000,000000,0000,000000,DISTRICT,Kiphire,Rural,11662,57517,29243,28274,11787,6064,5723,0,0,0,56131,28404,27727,29387,16255,13132,28130,12988,15142
13,269,00000,000000,0000,000000,DISTRICT,Kiphire,Urban,3109,16487,8587,7900,2924,1486,1438,0,0,0,15298,7813,7485,11845,6420,5425,4642,2167,2475
13,270,00000,000000,0000,000000,DISTRICT,Kohima,Total,54391,267988,138966,129022,36286,18279,18007,0,0,0,224738,110617,114121,197489,107038,90451,70499,31928,38571
13,270,00000,000000,0000,000000,DISTRICT,Kohima,Rural,27636,146900,76369,70531,21211,10707,10504,0,0,0,133572,66258,67314,101984,56271,45713,44916,20098,24818
13,270,00000,000000,0000,000000,DISTRICT,Kohima,Urban,26755,121088,62597,58491,15075,7572,7503,0,0,0,91166,44359,46807,95505,50767,44738,25583,11830,13753
13,271,00000,000000,0000,000000,DISTRICT,Peren,Total,18475,95219,49714,45505,15415,7967,7448,0,0,0,84242,43488,40754,62204,34584,27620,33015,15130,17885
13,271,00000,000000,0000,000000,DISTRICT,Peren,Rural,15615,81429,42860,38569,13137,6835,6302,0,0,0,73005,38021,34984,52355,29400,22955,29074,13460,15614
13,271,00000,000000,0000,000000,DISTRICT,Peren,Urban,2860,13790,6854,6936,2278,1132,1146,0,0,0,11237,5467,5770,9849,5184,4665,3941,1670,2271
14,000,00000,000000,0000,000000,STATE,MANIPUR,Total,557859,2855794,1438586,1417208,375357,194484,180873,97328,48863,48465,1167422,588279,579143,1908476,1039858,868618,947318,398728,548590
14,000,00000,000000,0000,000000,STATE,MANIPUR,Rural,385520,2021640,1026884,994756,273946,142443,131503,47849,24275,23574,1055808,533856,521952,1282859,710134,572725,738781,316750,422031
14,000,00000,000000,0000,000000,STATE,MANIPUR,Urban,172339,834154,411702,422452,101411,52041,49370,49479,24588,24891,111614,54423,57191,625617,329724,295893,208537,81978,126559
14,272,00000,000000,0000,000000,DISTRICT,Senapati,Total,83411,479148,247323,231825,63335,33463,29872,1000,536,464,419210,214519,204691,264477,148012,116465,214671,99311,115360
14,272,00000,000000,0000,000000,DISTRICT,Senapati,Rural,81974,471672,243603,228069,62319,32947,29372,997,535,462,413555,211741,201814,258978,145129,113849,212694,98474,114220
14,272,00000,000000,0000,000000,DISTRICT,Senapati,Urban,1437,7476,3720,3756,1016,516,500,3,1,2,5655,2778,2877,5499,2883,2616,1977,837,1140
14,273,00000,000000,0000,000000,DISTRICT,Tamenglong ,Total,25039,140651,72371,68280,19307,10072,9235,22,17,5,134626,68226,66400,85006,47403,37603,55645,24968,30677
14,273,00000,000000,0000,000000,DISTRICT,Tamenglong ,Rural,21558,121288,62534,58754,16624,8701,7923,18,15,3,116023,58989,57034,70502,39729,30773,50786,22805,27981
14,273,00000,000000,0000,000000,DISTRICT,Tamenglong ,Urban,3481,19363,9837,9526,2683,1371,1312,4,2,2,18603,9237,9366,14504,7674,6830,4859,2163,2696
14,274,00000,000000,0000,000000,DISTRICT,Churachandpur,Total,49089,274143,138820,135323,37445,19227,18218,443,244,199,254787,126328,128459,195935,104013,91922,78208,34807,43401
14,274,00000,000000,0000,000000,DISTRICT,Churachandpur,Rural,45787,255786,129659,126127,35350,18150,17200,424,230,194,240718,119591,121127,181518,96504,85014,74268,33155,41113
14,274,00000,000000,0000,000000,DISTRICT,Churachandpur,Urban,3302,18357,9161,9196,2095,1077,1018,19,14,5,14069,6737,7332,14417,7509,6908,3940,1652,2288
14,275,00000,000000,0000,000000,DISTRICT,Bishnupur,Total,46580,237399,118782,118617,31303,16192,15111,22113,11085,11028,3287,1625,1662,156333,87313,69020,81066,31469,49597
14,275,00000,000000,0000,000000,DISTRICT,Bishnupur,Rural,29237,149894,75171,74723,20109,10388,9721,21834,10949,10885,1512,766,746,95558,54031,41527,54336,21140,33196
14,275,00000,000000,0000,000000,DISTRICT,Bishnupur,Urban,17343,87505,43611,43894,11194,5804,5390,279,136,143,1775,859,916,60775,33282,27493,26730,10329,16401
14,276,00000,000000,0000,000000,DISTRICT,Thoubal,Total,85965,422168,210845,211323,60556,31294,29262,40593,20137,20456,1808,929,879,269304,152617,116687,152864,58228,94636
14,276,00000,000000,0000,000000,DISTRICT,Thoubal,Rural,54888,270835,135470,135365,39981,20665,19316,4397,2217,2180,853,406,447,164370,94714,69656,106465,40756,65709
14,276,00000,000000,0000,000000,DISTRICT,Thoubal,Urban,31077,151333,75375,75958,20575,10629,9946,36196,17920,18276,955,523,432,104934,57903,47031,46399,17472,28927
14,277,00000,000000,0000,000000,DISTRICT,Imphal West,Total,111156,517992,255054,262938,61875,31747,30128,16530,8308,8222,24161,11560,12601,392626,205985,186641,125366,49069,76297
14,277,00000,000000,0000,000000,DISTRICT,Imphal West,Rural,41595,195113,96948,98165,25459,13141,12318,11711,5846,5865,4240,2037,2203,139391,74969,64422,55722,21979,33743
14,277,00000,000000,0000,000000,DISTRICT,Imphal West,Urban,69561,322879,158106,164773,36416,18606,17810,4819,2462,2357,19921,9523,10398,253235,131016,122219,69644,27090,42554
14,278,00000,000000,0000,000000,DISTRICT,Imphal East,Total,92124,456113,226094,230019,59936,30851,29085,15839,8055,7784,27657,13500,14157,324664,173314,151350,131449,52780,78669
14,278,00000,000000,0000,000000,DISTRICT,Imphal East,Rural,54443,272906,136789,136117,38324,19784,18540,7815,4081,3734,10601,5356,5245,183881,100937,82944,89025,35852,53173
14,278,00000,000000,0000,000000,DISTRICT,Imphal East,Urban,37681,183207,89305,93902,21612,11067,10545,8024,3974,4050,17056,8144,8912,140783,72377,68406,42424,16928,25496
14,279,00000,000000,0000,000000,DISTRICT,Ukhrul,Total,35694,183998,94718,89280,24413,12693,11720,248,160,88,173606,87970,85636,129829,70148,59681,54169,24570,29599
14,279,00000,000000,0000,000000,DISTRICT,Ukhrul,Rural,30468,156811,80801,76010,21050,10960,10090,154,100,54,149501,75970,73531,108644,58978,49666,48167,21823,26344
14,279,00000,000000,0000,000000,DISTRICT,Ukhrul,Urban,5226,27187,13917,13270,3363,1733,1630,94,60,34,24105,12000,12105,21185,11170,10015,6002,2747,3255
14,280,00000,000000,0000,000000,DISTRICT,Chandel,Total,28801,144182,74579,69603,17187,8945,8242,540,321,219,128280,63622,64658,90302,51053,39249,53880,23526,30354
14,280,00000,000000,0000,000000,DISTRICT,Chandel,Rural,25570,127335,65909,61426,14730,7707,7023,499,302,197,118805,59000,59805,80017,45143,34874,47318,20766,26552
14,280,00000,000000,0000,000000,DISTRICT,Chandel,Urban,3231,16847,8670,8177,2457,1238,1219,41,19,22,9475,4622,4853,10285,5910,4375,6562,2760,3802
15,000,00000,000000,0000,000000,STATE,MIZORAM,Total,222853,1097206,555339,541867,168531,85561,82970,1218,807,411,1036115,516294,519821,848175,438529,409646,249031,116810,132221
15,000,00000,000000,0000,000000,STATE,MIZORAM,Rural,105812,525435,269135,256300,93384,47489,45895,298,209,89,507467,257987,249480,363334,195400,167934,162101,73735,88366
15,000,00000,000000,0000,000000,STATE,MIZORAM,Urban,117041,571771,286204,285567,75147,38072,37075,920,598,322,528648,258307,270341,484841,243129,241712,86930,43075,43855
15,281,00000,000000,0000,000000,DISTRICT,Mamit,Total,17731,86364,44828,41536,15495,7828,7667,51,42,9,82080,42075,40005,60191,32977,27214,26173,11851,14322
15,281,00000,000000,0000,000000,DISTRICT,Mamit,Rural,14539,71465,37135,34330,13192,6650,6542,38,31,7,68096,34999,33097,48174,26732,21442,23291,10403,12888
15,281,00000,000000,0000,000000,DISTRICT,Mamit,Urban,3192,14899,7693,7206,2303,1178,1125,13,11,2,13984,7076,6908,12017,6245,5772,2882,1448,1434
15,282,00000,000000,0000,000000,DISTRICT,Kolasib,Total,17270,83955,42918,41037,13482,6810,6672,84,59,25,73609,36917,36692,65895,34147,31748,18060,8771,9289
15,282,00000,000000,0000,000000,DISTRICT,Kolasib,Rural,7608,37077,19097,17980,6681,3387,3294,17,12,5,32582,16585,15997,27270,14387,12883,9807,4710,5097
15,282,00000,000000,0000,000000,DISTRICT,Kolasib,Urban,9662,46878,23821,23057,6801,3423,3378,67,47,20,41027,20332,20695,38625,19760,18865,8253,4061,4192
15,283,00000,000000,0000,000000,DISTRICT,Aizawl,Total,82524,400309,199270,201039,52357,26450,25907,627,388,239,373542,182517,191025,340595,169547,171048,59714,29723,29991
15,283,00000,000000,0000,000000,DISTRICT,Aizawl,Rural,17328,85555,43780,41775,13178,6712,6466,46,36,10,83343,42249,41094,69775,35914,33861,15780,7866,7914
15,283,00000,000000,0000,000000,DISTRICT,Aizawl,Urban,65196,314754,155490,159264,39179,19738,19441,581,352,229,290199,140268,149931,270820,133633,137187,43934,21857,22077
15,284,00000,000000,0000,000000,DISTRICT,Champhai,Total,25520,125745,63388,62357,20645,10474,10171,17,16,1,123466,61954,61512,100802,51440,49362,24943,11948,12995
15,284,00000,000000,0000,000000,DISTRICT,Champhai,Rural,15452,77216,39110,38106,13256,6735,6521,10,9,1,75747,38217,37530,61022,31380,29642,16194,7730,8464
15,284,00000,000000,0000,000000,DISTRICT,Champhai,Urban,10068,48529,24278,24251,7389,3739,3650,7,7,0,47719,23737,23982,39780,20060,19720,8749,4218,4531
15,285,00000,000000,0000,000000,DISTRICT,Serchhip,Total,12622,64937,32851,32086,9299,4771,4528,32,20,12,62889,31381,31508,54476,27598,26878,10461,5253,5208
15,285,00000,000000,0000,000000,DISTRICT,Serchhip,Rural,6331,32918,16643,16275,5154,2654,2500,13,8,5,32474,16368,16106,27094,13747,13347,5824,2896,2928
15,285,00000,000000,0000,000000,DISTRICT,Serchhip,Urban,6291,32019,16208,15811,4145,2117,2028,19,12,7,30415,15013,15402,27382,13851,13531,4637,2357,2280
15,286,00000,000000,0000,000000,DISTRICT,Lunglei,Total,33058,161428,82891,78537,25117,12798,12319,178,125,53,153533,77180,76353,121122,64515,56607,40306,18376,21930
15,286,00000,000000,0000,000000,DISTRICT,Lunglei,Rural,18943,92676,47577,45099,16705,8494,8211,65,38,27,91310,46663,44647,62114,34067,28047,30562,13510,17052
15,286,00000,000000,0000,000000,DISTRICT,Lunglei,Urban,14115,68752,35314,33438,8412,4304,4108,113,87,26,62223,30517,31706,59008,30448,28560,9744,4866,4878
15,287,00000,000000,0000,000000,DISTRICT,Lawngtlai,Total,22984,117894,60599,57295,22483,11433,11050,146,105,41,112354,57044,55310,62861,36444,26417,55033,24155,30878
15,287,00000,000000,0000,000000,DISTRICT,Lawngtlai,Rural,19074,97064,49940,47124,19361,9849,9512,97,68,29,92877,47356,45521,45922,27644,18278,51142,22296,28846
15,287,00000,000000,0000,000000,DISTRICT,Lawngtlai,Urban,3910,20830,10659,10171,3122,1584,1538,49,37,12,19477,9688,9789,16939,8800,8139,3891,1859,2032
15,288,00000,000000,0000,000000,DISTRICT,Saiha,Total,11144,56574,28594,27980,9653,4997,4656,83,52,31,54642,27226,27416,42233,21861,20372,14341,6733,7608
15,288,00000,000000,0000,000000,DISTRICT,Saiha,Rural,6537,31464,15853,15611,5857,3008,2849,12,7,5,31038,15550,15488,21963,11529,10434,9501,4324,5177
15,288,00000,000000,0000,000000,DISTRICT,Saiha,Urban,4607,25110,12741,12369,3796,1989,1807,71,45,26,23604,11676,11928,20270,10332,9938,4840,2409,2431
16,000,00000,000000,0000,000000,STATE,TRIPURA,Total,855556,3673917,1874376,1799541,458014,234008,224006,654918,334370,320548,1166813,588327,578486,2804783,1501369,1303414,869134,373007,496127
16,000,00000,000000,0000,000000,STATE,TRIPURA,Rural,616582,2712464,1387173,1325291,365309,186400,178909,437993,224498,213495,1117566,563908,553658,1992773,1081503,911270,719691,305670,414021
16,000,00000,000000,0000,000000,STATE,TRIPURA,Urban,238974,961453,487203,474250,92705,47608,45097,216925,109872,107053,49247,24419,24828,812010,419866,392144,149443,67337,82106
16,289,00000,000000,0000,000000,DISTRICT,West Tripura ,Total,410565,1725739,879428,846311,190850,97787,93063,338094,172522,165572,431944,217278,214666,1361354,722998,638356,364385,156430,207955
16,289,00000,000000,0000,000000,DISTRICT,West Tripura ,Rural,242324,1048101,536720,511381,127118,65022,62096,186463,95784,90679,402746,203063,199683,789002,427581,361421,259099,109139,149960
16,289,00000,000000,0000,000000,DISTRICT,West Tripura ,Urban,168241,677638,342708,334930,63732,32765,30967,151631,76738,74893,29198,14215,14983,572352,295417,276935,105286,47291,57995
16,290,00000,000000,0000,000000,DISTRICT,South Tripura ,Total,208127,876001,447544,428457,111949,57382,54567,140168,72012,68156,344835,173174,171661,646810,351082,295728,229191,96462,132729
16,290,00000,000000,0000,000000,DISTRICT,South Tripura ,Rural,176230,752970,384787,368183,100135,51240,48895,111464,57336,54128,338926,170241,168685,542886,296820,246066,210084,87967,122117
16,290,00000,000000,0000,000000,DISTRICT,South Tripura ,Urban,31897,123031,62757,60274,11814,6142,5672,28704,14676,14028,5909,2933,2976,103924,54262,49662,19107,8495,10612
16,291,00000,000000,0000,000000,DISTRICT,Dhalai,Total,84509,378230,194544,183686,56011,28460,27551,61688,31461,30227,210608,106759,103849,276217,151643,124574,102013,42901,59112
16,291,00000,000000,0000,000000,DISTRICT,Dhalai,Rural,74404,337731,173773,163958,51571,26196,25375,50539,25853,24686,205637,104247,101390,241818,133640,108178,95913,40133,55780
16,291,00000,000000,0000,000000,DISTRICT,Dhalai,Urban,10105,40499,20771,19728,4440,2264,2176,11149,5608,5541,4971,2512,2459,34399,18003,16396,6100,2768,3332
16,292,00000,000000,0000,000000,DISTRICT,North Tripura,Total,152355,693947,352860,341087,99204,50379,48825,114968,58375,56593,179426,91116,88310,520402,275646,244756,173545,77214,96331
16,292,00000,000000,0000,000000,DISTRICT,North Tripura,Rural,123624,573662,291893,281769,86485,43942,42543,89527,45525,44002,170257,86357,83900,419067,223462,195605,154595,68431,86164
16,292,00000,000000,0000,000000,DISTRICT,North Tripura,Urban,28731,120285,60967,59318,12719,6437,6282,25441,12850,12591,9169,4759,4410,101335,52184,49151,18950,8783,10167
17,000,00000,000000,0000,000000,STATE,MEGHALAYA,Total,548059,2966889,1491832,1475057,568536,288646,279890,17355,9157,8198,2555861,1269728,1286133,1785005,913879,871126,1181884,577953,603931
17,000,00000,000000,0000,000000,STATE,MEGHALAYA,Rural,430573,2371439,1194260,1177179,490592,248751,241841,11573,6086,5487,2136891,1070557,1066334,1315154,675636,639518,1056285,518624,537661
17,000,00000,000000,0000,000000,STATE,MEGHALAYA,Urban,117486,595450,297572,297878,77944,39895,38049,5782,3071,2711,418970,199171,219799,469851,238243,231608,125599,59329,66270
17,293,00000,000000,0000,000000,DISTRICT,West Garo Hills,Total,123352,643291,324159,319132,112514,56950,55564,8810,4535,4275,474009,236772,237237,358702,193438,165264,284589,130721,153868
17,293,00000,000000,0000,000000,DISTRICT,West Garo Hills,Rural,109609,568433,286923,281510,103630,52362,51268,6249,3197,3052,420285,210724,209561,298448,163020,135428,269985,123903,146082
17,293,00000,000000,0000,000000,DISTRICT,West Garo Hills,Urban,13743,74858,37236,37622,8884,4588,4296,2561,1338,1223,53724,26048,27676,60254,30418,29836,14604,6818,7786
17,294,00000,000000,0000,000000,DISTRICT,East Garo Hills,Total,58328,317917,161223,156694,58071,29328,28743,509,304,205,305180,153861,151319,192147,102513,89634,125770,58710,67060
17,294,00000,000000,0000,000000,DISTRICT,East Garo Hills,Rural,50585,273725,138763,134962,51865,26266,25599,215,128,87,265979,134637,131342,157893,84705,73188,115832,54058,61774
17,294,00000,000000,0000,000000,DISTRICT,East Garo Hills,Urban,7743,44192,22460,21732,6206,3062,3144,294,176,118,39201,19224,19977,34254,17808,16446,9938,4652,5286
17,295,00000,000000,0000,000000,DISTRICT,South Garo Hills,Total,24527,142334,73170,69164,27909,14136,13773,319,188,131,134237,68140,66097,82062,45003,37059,60272,28167,32105
17,295,00000,000000,0000,000000,DISTRICT,South Garo Hills,Rural,22176,129203,66470,62733,25678,13026,12652,191,109,82,123068,62583,60485,72275,39880,32395,56928,26590,30338
17,295,00000,000000,0000,000000,DISTRICT,South Garo Hills,Urban,2351,13131,6700,6431,2231,1110,1121,128,79,49,11169,5557,5612,9787,5123,4664,3344,1577,1767
17,296,00000,000000,0000,000000,DISTRICT,West Khasi Hills,Total,64906,383461,193715,189746,87214,44342,42872,168,93,75,375097,189134,185963,230678,117307,113371,152783,76408,76375
17,296,00000,000000,0000,000000,DISTRICT,West Khasi Hills,Rural,57720,340356,172380,167976,78310,39848,38462,145,83,62,332455,168040,164415,200573,102493,98080,139783,69887,69896
17,296,00000,000000,0000,000000,DISTRICT,West Khasi Hills,Urban,7186,43105,21335,21770,8904,4494,4410,23,10,13,42642,21094,21548,30105,14814,15291,13000,6521,6479
17,297,00000,000000,0000,000000,DISTRICT,Ribhoi,Total,46872,258840,132531,126309,52862,27074,25788,590,329,261,230081,115907,114174,155859,80977,74882,102981,51554,51427
17,297,00000,000000,0000,000000,DISTRICT,Ribhoi,Rural,42412,233587,118705,114882,48727,24963,23764,504,279,225,212325,107235,105090,137817,70682,67135,95770,48023,47747
17,297,00000,000000,0000,000000,DISTRICT,Ribhoi,Urban,4460,25253,13826,11427,4135,2111,2024,86,50,36,17756,8672,9084,18042,10295,7747,7211,3531,3680
17,298,00000,000000,0000,000000,DISTRICT,East Khasi Hills,Total,164046,825922,410749,415173,139055,70805,68250,5642,2924,2718,661158,320048,341110,578030,287270,290760,247892,123479,124413
17,298,00000,000000,0000,000000,DISTRICT,East Khasi Hills,Rural,86985,459441,228409,231032,95328,48233,47095,3054,1566,1488,432621,213721,218900,283008,138245,144763,176433,90164,86269
17,298,00000,000000,0000,000000,DISTRICT,East Khasi Hills,Urban,77061,366481,182340,184141,43727,22572,21155,2588,1358,1230,228537,106327,122210,295022,149025,145997,71459,33315,38144
17,299,00000,000000,0000,000000,DISTRICT,Jaintia Hills,Total,66028,395124,196285,198839,90911,46011,44900,1317,784,533,376099,185866,190233,187527,87371,100156,207597,108914,98683
17,299,00000,000000,0000,000000,DISTRICT,Jaintia Hills,Rural,61086,366694,182610,184084,87054,44053,43001,1215,724,491,350158,173617,176541,165140,76611,88529,201554,105999,95555
17,299,00000,000000,0000,000000,DISTRICT,Jaintia Hills,Urban,4942,28430,13675,14755,3857,1958,1899,102,60,42,25941,12249,13692,22387,10760,11627,6043,2915,3128
18,000,00000,000000,0000,000000,STATE,ASSAM,Total,6406471,31205576,15939443,15266133,4638130,2363485,2274645,2231321,1145314,1086007,3884371,1957005,1927366,19177977,10568639,8609338,12027599,5370804,6656795
18,000,00000,000000,0000,000000,STATE,ASSAM,Rural,5420877,26807034,13678989,13128045,4187323,2131586,2055737,1825761,938664,887097,3665405,1847326,1818079,15685436,8706193,6979243,11121598,4972796,6148802
18,000,00000,000000,0000,000000,STATE,ASSAM,Urban,985594,4398542,2260454,2138088,450807,231899,218908,405560,206650,198910,218966,109679,109287,3492541,1862446,1630095,906001,398008,507993
18,300,00000,000000,0000,000000,DISTRICT,Kokrajhar,Total,181081,887142,452905,434237,136924,70085,66839,29570,15386,14184,278665,139579,139086,489305,275220,214085,397837,177685,220152
18,300,00000,000000,0000,000000,DISTRICT,Kokrajhar,Rural,169359,832201,424446,407755,131397,67246,64151,23747,12381,11366,266717,133788,132929,445890,251658,194232,386311,172788,213523
18,300,00000,000000,0000,000000,DISTRICT,Kokrajhar,Urban,11722,54941,28459,26482,5527,2839,2688,5823,3005,2818,11948,5791,6157,43415,23562,19853,11526,4897,6629
18,301,00000,000000,0000,000000,DISTRICT,Dhubri,Total,414674,1949258,997848,951410,368262,187092,181170,70395,36359,34036,6332,3198,3134,922341,511551,410790,1026917,486297,540620
18,301,00000,000000,0000,000000,DISTRICT,Dhubri,Rural,371075,1745557,893914,851643,345279,175213,170066,39929,20692,19237,5631,2831,2800,773646,431395,342251,971911,462519,509392
18,301,00000,000000,0000,000000,DISTRICT,Dhubri,Urban,43599,203701,103934,99767,22983,11879,11104,30466,15667,14799,701,367,334,148695,80156,68539,55006,23778,31228
18,302,00000,000000,0000,000000,DISTRICT,Goalpara,Total,198454,1008183,513292,494891,171657,87457,84200,45094,22999,22095,231570,116013,115557,563577,304302,259275,444606,208990,235616
18,302,00000,000000,0000,000000,DISTRICT,Goalpara,Rural,170003,870121,443244,426877,152141,77502,74639,32886,16833,16053,219871,110337,109534,473388,256085,217303,396733,187159,209574
18,302,00000,000000,0000,000000,DISTRICT,Goalpara,Urban,28451,138062,70048,68014,19516,9955,9561,12208,6166,6042,11699,5676,6023,90189,48217,41972,47873,21831,26042
18,303,00000,000000,0000,000000,DISTRICT,Barpeta,Total,337929,1693622,867004,826618,287829,146777,141052,95320,49165,46155,27344,13530,13814,897058,499038,398020,796564,367966,428598
18,303,00000,000000,0000,000000,DISTRICT,Barpeta,Rural,306434,1546269,791789,754480,273296,139380,133916,73946,38163,35783,25829,12810,13019,782462,437702,344760,763807,354087,409720
18,303,00000,000000,0000,000000,DISTRICT,Barpeta,Urban,31495,147353,75215,72138,14533,7397,7136,21374,11002,10372,1515,720,795,114596,61336,53260,32757,13879,18878
18,304,00000,000000,0000,000000,DISTRICT,Morigaon,Total,184602,957423,486651,470772,163819,83746,80073,117841,60194,57647,136777,68382,68395,539902,289698,250204,417521,196953,220568
18,304,00000,000000,0000,000000,DISTRICT,Morigaon,Rural,168445,884125,449123,435002,155116,79253,75863,109307,55874,53433,130548,65266,65282,485530,260603,224927,398595,188520,210075
18,304,00000,000000,0000,000000,DISTRICT,Morigaon,Urban,16157,73298,37528,35770,8703,4493,4210,8534,4320,4214,6229,3116,3113,54372,29095,25277,18926,8433,10493
18,305,00000,000000,0000,000000,DISTRICT,Nagaon,Total,559340,2823768,1439112,1384656,459940,234203,225737,266350,136473,129877,115153,57759,57394,1710716,921850,788866,1113052,517262,595790
18,305,00000,000000,0000,000000,DISTRICT,Nagaon,Rural,480399,2454234,1250985,1203249,420813,214248,206565,228530,117173,111357,109549,54926,54623,1422500,769517,652983,1031734,481468,550266
18,305,00000,000000,0000,000000,DISTRICT,Nagaon,Urban,78941,369534,188127,181407,39127,19955,19172,37820,19300,18520,5604,2833,2771,288216,152333,135883,81318,35794,45524
18,306,00000,000000,0000,000000,DISTRICT,Sonitpur,Total,392919,1924110,983904,940206,277862,141353,136509,109130,55817,53313,232207,117685,114522,1108572,620525,488047,815538,363379,452159
18,306,00000,000000,0000,000000,DISTRICT,Sonitpur,Rural,352647,1750265,894985,855280,260964,132727,128237,94692,48464,46228,228345,115789,112556,967739,546151,421588,782526,348834,433692
18,306,00000,000000,0000,000000,DISTRICT,Sonitpur,Urban,40272,173845,88919,84926,16898,8626,8272,14438,7353,7085,3862,1896,1966,140833,74374,66459,33012,14545,18467
18,307,00000,000000,0000,000000,DISTRICT,Lakhimpur,Total,204307,1042137,529674,512463,156739,80016,76723,81840,41689,40151,249426,126716,122710,683486,375552,307934,358651,154122,204529
18,307,00000,000000,0000,000000,DISTRICT,Lakhimpur,Rural,183192,950804,482582,468222,146289,74611,71678,74891,38107,36784,243145,123499,119646,613176,337806,275370,337628,144776,192852
18,307,00000,000000,0000,000000,DISTRICT,Lakhimpur,Urban,21115,91333,47092,44241,10450,5405,5045,6949,3582,3367,6281,3217,3064,70310,37746,32564,21023,9346,11677
18,308,00000,000000,0000,000000,DISTRICT,Dhemaji,Total,129869,686133,351249,334884,104247,53457,50790,44225,23006,21219,325560,165449,160111,423028,237761,185267,263105,113488,149617
18,308,00000,000000,0000,000000,DISTRICT,Dhemaji,Rural,119638,637848,326278,311570,98352,50402,47950,40524,21061,19463,317215,161268,155947,387412,218382,169030,250436,107896,142540
18,308,00000,000000,0000,000000,DISTRICT,Dhemaji,Urban,10231,48285,24971,23314,5895,3055,2840,3701,1945,1756,8345,4181,4164,35616,19379,16237,12669,5592,7077
18,309,00000,000000,0000,000000,DISTRICT,Tinsukia,Total,268598,1327929,680231,647698,181826,92777,89049,37688,19443,18245,82066,41769,40297,798322,453449,344873,529607,226782,302825
18,309,00000,000000,0000,000000,DISTRICT,Tinsukia,Rural,210707,1063186,541395,521791,155228,78904,76324,25286,13057,12229,76272,38796,37476,590609,339871,250738,472577,201524,271053
18,309,00000,000000,0000,000000,DISTRICT,Tinsukia,Urban,57891,264743,138836,125907,26598,13873,12725,12402,6386,6016,5794,2973,2821,207713,113578,94135,57030,25258,31772
18,310,00000,000000,0000,000000,DISTRICT,Dibrugarh,Total,276867,1326335,676434,649901,163210,83168,80042,58876,30517,28359,102871,51835,51036,884531,491361,393170,441804,185073,256731
18,310,00000,000000,0000,000000,DISTRICT,Dibrugarh,Rural,222414,1082605,550299,532306,140283,71296,68987,41396,21480,19916,92593,46689,45904,685573,385122,300451,397032,165177,231855
18,310,00000,000000,0000,000000,DISTRICT,Dibrugarh,Urban,54453,243730,126135,117595,22927,11872,11055,17480,9037,8443,10278,5146,5132,198958,106239,92719,44772,19896,24876
18,311,00000,000000,0000,000000,DISTRICT,Sivasagar,Total,248367,1151050,589216,561834,139380,71102,68278,42347,21568,20779,49039,24989,24050,813505,444767,368738,337545,144449,193096
18,311,00000,000000,0000,000000,DISTRICT,Sivasagar,Rural,222136,1040954,531286,509668,128289,65397,62892,34483,17526,16957,47274,24078,23196,723490,396272,327218,317464,135014,182450
18,311,00000,000000,0000,000000,DISTRICT,Sivasagar,Urban,26231,110096,57930,52166,11091,5705,5386,7864,4042,3822,1765,911,854,90015,48495,41520,20081,9435,10646
18,312,00000,000000,0000,000000,DISTRICT,Jorhat,Total,236262,1092256,556805,535451,124594,63428,61166,88665,45194,43471,139971,70795,69176,794929,432335,362594,297327,124470,172857
18,312,00000,000000,0000,000000,DISTRICT,Jorhat,Rural,184642,871722,442968,428754,103394,52545,50849,72434,36973,35461,134361,67932,66429,614748,336698,278050,256974,106270,150704
18,312,00000,000000,0000,000000,DISTRICT,Jorhat,Urban,51620,220534,113837,106697,21200,10883,10317,16231,8221,8010,5610,2863,2747,180181,95637,84544,40353,18200,22153
18,313,00000,000000,0000,000000,DISTRICT,Golaghat,Total,227197,1066888,543161,523727,134793,68662,66131,62298,31807,30491,111765,56420,55345,721764,396475,325289,345124,146686,198438
18,313,00000,000000,0000,000000,DISTRICT,Golaghat,Rural,204860,969152,493125,476027,125120,63651,61469,56152,28636,27516,108974,55035,53939,640978,354039,286939,328174,139086,189088
18,313,00000,000000,0000,000000,DISTRICT,Golaghat,Urban,22337,97736,50036,47700,9673,5011,4662,6146,3171,2975,2791,1385,1406,80786,42436,38350,16950,7600,9350
18,314,00000,000000,0000,000000,DISTRICT,Karbi Anglong,Total,177646,956313,490167,466146,151681,77428,74253,44961,23436,21525,538738,272460,266278,557214,314253,242961,399099,175914,223185
18,314,00000,000000,0000,000000,DISTRICT,Karbi Anglong,Rural,153957,843347,431924,411423,138407,70559,67848,39936,20798,19138,491856,249022,242834,470110,267214,202896,373237,164710,208527
18,314,00000,000000,0000,000000,DISTRICT,Karbi Anglong,Urban,23689,112966,58243,54723,13274,6869,6405,5025,2638,2387,46882,23438,23444,87104,47039,40065,25862,11204,14658
18,315,00000,000000,0000,000000,DISTRICT,Dima Hasao,Total,42252,214102,110802,103300,32414,16480,15934,4337,2340,1997,151843,76520,75323,140873,78559,62314,73229,32243,40986
18,315,00000,000000,0000,000000,DISTRICT,Dima Hasao,Rural,29289,151613,77817,73796,25067,12749,12318,1885,1070,815,123060,62206,60854,90009,50658,39351,61604,27159,34445
18,315,00000,000000,0000,000000,DISTRICT,Dima Hasao,Urban,12963,62489,32985,29504,7347,3731,3616,2452,1270,1182,28783,14314,14469,50864,27901,22963,11625,5084,6541
18,316,00000,000000,0000,000000,DISTRICT,Cachar,Total,379955,1736617,886284,850333,256774,131417,125357,264897,136051,128846,17569,8736,8833,1174128,639946,534182,562489,246338,316151
18,316,00000,000000,0000,000000,DISTRICT,Cachar,Rural,310750,1421153,727083,694070,222673,113943,108730,216090,111487,104603,16613,8237,8376,923736,509621,414115,497417,217462,279955
18,316,00000,000000,0000,000000,DISTRICT,Cachar,Urban,69205,315464,159201,156263,34101,17474,16627,48807,24564,24243,956,499,457,250392,130325,120067,65072,28876,36196
18,317,00000,000000,0000,000000,DISTRICT,Karimganj,Total,247714,1228686,625864,602822,211960,107638,104322,157890,81384,76506,1940,994,946,795297,435942,359355,433389,189922,243467
18,317,00000,000000,0000,000000,DISTRICT,Karimganj,Rural,224563,1118986,570510,548476,200334,101712,98622,144169,74557,69612,1660,854,806,704260,388846,315414,414726,181664,233062
18,317,00000,000000,0000,000000,DISTRICT,Karimganj,Urban,23151,109700,55354,54346,11626,5926,5700,13721,6827,6894,280,140,140,91037,47096,43941,18663,8258,10405
18,318,00000,000000,0000,000000,DISTRICT,Hailakandi,Total,143350,659296,337890,321406,111278,56936,54342,70659,36369,34290,691,354,337,407366,226836,180530,251930,111054,140876
18,318,00000,000000,0000,000000,DISTRICT,Hailakandi,Rural,133091,611156,313747,297409,106617,54561,52056,65736,33919,31817,529,271,258,366962,206089,160873,244194,107658,136536
18,318,00000,000000,0000,000000,DISTRICT,Hailakandi,Urban,10259,48140,24143,23997,4661,2375,2286,4923,2450,2473,162,83,79,40404,20747,19657,7736,3396,4340
18,319,00000,000000,0000,000000,DISTRICT,Bongaigaon,Total,150018,738804,375818,362986,116392,59099,57293,82784,42513,40271,18835,9377,9458,434078,237114,196964,304726,138704,166022
18,319,00000,000000,0000,000000,DISTRICT,Bongaigaon,Rural,125095,628994,319786,309208,105251,53336,51915,67460,34760,32700,15267,7574,7693,347869,191158,156711,281125,128628,152497
18,319,00000,000000,0000,000000,DISTRICT,Bongaigaon,Urban,24923,109810,56032,53778,11141,5763,5378,15324,7753,7571,3568,1803,1765,86209,45956,40253,23601,10076,13525
18,320,00000,000000,0000,000000,DISTRICT,Chirang,Total,97395,482162,244860,237302,73215,37201,36014,35135,18105,17030,178688,89273,89415,259902,145869,114033,222260,98991,123269
18,320,00000,000000,0000,000000,DISTRICT,Chirang,Rural,89823,446825,226895,219930,69176,35141,34035,31362,16212,15150,176423,88167,88256,234463,132102,102361,212362,94793,117569
18,320,00000,000000,0000,000000,DISTRICT,Chirang,Urban,7572,35337,17965,17372,4039,2060,1979,3773,1893,1880,2265,1106,1159,25439,13767,11672,9898,4198,5700
18,321,00000,000000,0000,000000,DISTRICT,Kamrup,Total,311114,1517542,778461,739081,200061,101716,98345,107827,55237,52590,182038,92094,89944,995319,550219,445100,522223,228242,293981
18,321,00000,000000,0000,000000,DISTRICT,Kamrup,Rural,280269,1375148,706140,669008,186844,94918,91926,88975,45829,43146,180192,91154,89038,881782,489607,392175,493366,216533,276833
18,321,00000,000000,0000,000000,DISTRICT,Kamrup,Urban,30845,142394,72321,70073,13217,6798,6419,18852,9408,9444,1846,940,906,113537,60612,52925,28857,11709,17148
18,322,00000,000000,0000,000000,DISTRICT,Kamrup Metropolitan,Total,293112,1253938,647585,606353,125386,64444,60942,101789,52106,49683,75121,37902,37219,1001191,537227,463964,252747,110358,142389
18,322,00000,000000,0000,000000,DISTRICT,Kamrup Metropolitan,Rural,45484,216927,111062,105865,27333,13806,13527,33499,17181,16318,29574,14731,14843,144941,80103,64838,71986,30959,41027
18,322,00000,000000,0000,000000,DISTRICT,Kamrup Metropolitan,Urban,247628,1037011,536523,500488,98053,50638,47415,68290,34925,33365,45547,23171,22376,856250,457124,399126,180761,79399,101362
18,323,00000,000000,0000,000000,DISTRICT,Nalbari,Total,155248,771639,396006,375633,95333,48458,46875,60216,30654,29562,23364,11692,11672,531771,293184,238587,239868,102822,137046
18,323,00000,000000,0000,000000,DISTRICT,Nalbari,Rural,137601,688909,353677,335232,87759,44589,43170,54232,27675,26557,23003,11511,11492,464211,257140,207071,224698,96537,128161
18,323,00000,000000,0000,000000,DISTRICT,Nalbari,Urban,17647,82730,42329,40401,7574,3869,3705,5984,2979,3005,361,181,180,67560,36044,31516,15170,6285,8885
18,324,00000,000000,0000,000000,DISTRICT,Baksa,Total,191701,950075,481330,468745,122872,62498,60374,73083,37534,35549,331007,165634,165373,572837,322614,250223,377238,158716,218522
18,324,00000,000000,0000,000000,DISTRICT,Baksa,Rural,189249,937833,475027,462806,121332,61708,59624,71382,36641,34741,329894,165084,164810,564860,318180,246680,372973,156847,216126
18,324,00000,000000,0000,000000,DISTRICT,Baksa,Urban,2452,12242,6303,5939,1540,790,750,1701,893,808,1113,550,563,7977,4434,3543,4265,1869,2396
18,325,00000,000000,0000,000000,DISTRICT,Darrang,Total,187783,928500,475273,453227,156408,79437,76971,40260,20566,19694,8419,4300,4119,487039,268666,218373,441461,206607,234854
18,325,00000,000000,0000,000000,DISTRICT,Darrang,Rural,175351,873006,446460,426546,150916,76595,74321,28746,14636,14110,8025,4090,3935,444075,245311,198764,428931,201149,227782
18,325,00000,000000,0000,000000,DISTRICT,Darrang,Urban,12432,55494,28813,26681,5492,2842,2650,11514,5930,5584,394,210,184,42964,23355,19609,12530,5458,7072
18,326,00000,000000,0000,000000,DISTRICT,Udalguri,Total,168717,831668,421617,410051,113274,57410,55864,37844,19402,18442,267372,133550,133822,469926,264326,205600,361742,157291,204451
18,326,00000,000000,0000,000000,DISTRICT,Udalguri,Rural,160404,794094,402442,391652,109653,55594,54059,34086,17479,16607,262985,131381,131604,441017,248863,192154,353077,153579,199498
18,326,00000,000000,0000,000000,DISTRICT,Udalguri,Urban,8313,37574,19175,18399,3621,1816,1805,3758,1923,1835,4387,2169,2218,28909,15463,13446,8665,3712,4953
19,000,00000,000000,0000,000000,STATE,WEST BENGAL,Total,20380315,91276115,46809027,44467088,10581466,5410396,5171070,21463270,11003304,10459966,5296953,2649974,2646979,61538281,33818810,27719471,29737834,12990217,16747617
19,000,00000,000000,0000,000000,STATE,WEST BENGAL,Rural,13813165,62183113,31844945,30338168,7820710,3992655,3828055,17095107,8764294,8330813,4855115,2428057,2427058,39213779,21848197,17365582,22969334,9996748,12972586
19,000,00000,000000,0000,000000,STATE,WEST BENGAL,Urban,6567150,29093002,14964082,14128920,2760756,1417741,1343015,4368163,2239010,2129153,441838,221917,219921,22324502,11970613,10353889,6768500,2993469,3775031
19,327,00000,000000,0000,000000,DISTRICT,Darjiling ,Total,391234,1846823,937259,909564,193169,98933,94236,317275,161495,155780,397389,197251,200138,1315585,717673,597912,531238,219586,311652
19,327,00000,000000,0000,000000,DISTRICT,Darjiling ,Rural,236694,1118860,566965,551895,126773,64529,62244,224822,114866,109956,319069,158918,160151,736824,410782,326042,382036,156183,225853
19,327,00000,000000,0000,000000,DISTRICT,Darjiling ,Urban,154540,727963,370294,357669,66396,34404,31992,92453,46629,45824,78320,38333,39987,578761,306891,271870,149202,63403,85799
19,328,00000,000000,0000,000000,DISTRICT,Jalpaiguri ,Total,868326,3872846,1983064,1889782,461700,236117,225583,1458278,750841,707437,731704,365868,365836,2498780,1396622,1102158,1374066,586442,787624
19,328,00000,000000,0000,000000,DISTRICT,Jalpaiguri ,Rural,625015,2812495,1437286,1375209,351111,179385,171726,1159391,597567,561824,690312,345035,345277,1716304,972356,743948,1096191,464930,631261
19,328,00000,000000,0000,000000,DISTRICT,Jalpaiguri ,Urban,243311,1060351,545778,514573,110589,56732,53857,298887,153274,145613,41392,20833,20559,782476,424266,358210,277875,121512,156363
19,329,00000,000000,0000,000000,DISTRICT,Koch Bihar ,Total,665720,2819086,1451542,1367544,344645,176940,167705,1414336,728506,685830,18125,9388,8737,1850504,1028733,821771,968582,422809,545773
19,329,00000,000000,0000,000000,DISTRICT,Koch Bihar ,Rural,596027,2529652,1304916,1224736,319225,163815,155410,1350657,696254,654403,16872,8735,8137,1617223,906392,710831,912429,398524,513905
19,329,00000,000000,0000,000000,DISTRICT,Koch Bihar ,Urban,69693,289434,146626,142808,25420,13125,12295,63679,32252,31427,1253,653,600,233281,122341,110940,56153,24285,31868
19,330,00000,000000,0000,000000,DISTRICT,Uttar Dinajpur,Total,605674,3007134,1551066,1456068,485157,248402,236755,807950,418288,389662,162816,81831,80985,1489667,853495,636172,1517467,697571,819896
19,330,00000,000000,0000,000000,DISTRICT,Uttar Dinajpur,Rural,532383,2644906,1362469,1282437,442278,226473,215805,741154,383329,357825,158377,79631,78746,1233289,713641,519648,1411617,648828,762789
19,330,00000,000000,0000,000000,DISTRICT,Uttar Dinajpur,Urban,73291,362228,188597,173631,42879,21929,20950,66796,34959,31837,4439,2200,2239,256378,139854,116524,105850,48743,57107
19,331,00000,000000,0000,000000,DISTRICT,Dakshin Dinajpur,Total,396406,1676276,857199,819077,188135,96143,91992,482754,248312,234442,275366,138025,137341,1083685,596474,487211,592591,260725,331866
19,331,00000,000000,0000,000000,DISTRICT,Dakshin Dinajpur,Rural,339231,1439981,737771,702210,169507,86629,82878,440182,226420,213762,267913,134311,133602,890661,495597,395064,549320,242174,307146
19,331,00000,000000,0000,000000,DISTRICT,Dakshin Dinajpur,Urban,57175,236295,119428,116867,18628,9514,9114,42572,21892,20680,7453,3714,3739,193024,100877,92147,43271,18551,24720
19,332,00000,000000,0000,000000,DISTRICT,Maldah ,Total,846991,3988845,2051541,1937304,609040,312340,296700,835430,432744,402686,313984,157528,156456,2086432,1152019,934413,1902413,899522,1002891
19,332,00000,000000,0000,000000,DISTRICT,Maldah ,Rural,734207,3447185,1768336,1678849,530626,270666,259960,767492,396637,370855,307625,154156,153469,1731677,961409,770268,1715508,806927,908581
19,332,00000,000000,0000,000000,DISTRICT,Maldah ,Urban,112784,541660,283205,258455,78414,41674,36740,67938,36107,31831,6359,3372,2987,354755,190610,164145,186905,92595,94310
19,333,00000,000000,0000,000000,DISTRICT,Murshidabad ,Total,1570759,7103807,3627564,3476243,1013392,514876,498516,897534,460143,437391,91035,46163,44872,4055834,2177187,1878647,3047973,1450377,1597596
19,333,00000,000000,0000,000000,DISTRICT,Murshidabad ,Rural,1286200,5703115,2917822,2785293,812960,413144,399816,727721,373388,354333,86004,43527,42477,3193502,1713685,1479817,2509613,1204137,1305476
19,333,00000,000000,0000,000000,DISTRICT,Murshidabad ,Urban,284559,1400692,709742,690950,200432,101732,98700,169813,86755,83058,5031,2636,2395,862332,463502,398830,538360,246240,292120
19,334,00000,000000,0000,000000,DISTRICT,Birbhum,Total,817899,3502404,1790920,1711484,448485,228909,219576,1033140,529001,504139,242484,119787,122697,2158447,1201481,956966,1343957,589439,754518
19,334,00000,000000,0000,000000,DISTRICT,Birbhum,Rural,715476,3052956,1561976,1490980,401237,204477,196760,934054,478901,455153,232666,115022,117644,1832366,1025661,806705,1220590,536315,684275
19,334,00000,000000,0000,000000,DISTRICT,Birbhum,Urban,102423,449448,228944,220504,47248,24432,22816,99086,50100,48986,9818,4765,5053,326081,175820,150261,123367,53124,70243
19,335,00000,000000,0000,000000,DISTRICT,Barddhaman ,Total,1730927,7717563,3966889,3750674,832033,426385,405648,2115719,1079584,1036135,489447,243581,245866,5247208,2918040,2329168,2470355,1048849,1421506
19,335,00000,000000,0000,000000,DISTRICT,Barddhaman ,Rural,1071561,4639264,2373787,2265477,511969,260995,250974,1524133,776238,747895,379262,188349,190913,2998277,1671556,1326721,1640987,702231,938756
19,335,00000,000000,0000,000000,DISTRICT,Barddhaman ,Urban,659366,3078299,1593102,1485197,320064,165390,154674,591586,303346,288240,110185,55232,54953,2248931,1246484,1002447,829368,346618,482750
19,336,00000,000000,0000,000000,DISTRICT,Nadia ,Total,1232282,5167600,2653768,2513832,525180,267954,257226,1546917,798258,748659,140700,71142,69558,3480555,1878866,1601689,1687045,774902,912143
19,336,00000,000000,0000,000000,DISTRICT,Nadia ,Rural,883310,3728727,1921112,1807615,406080,206982,199098,1141341,590538,550803,120300,60954,59346,2354086,1281436,1072650,1374641,639676,734965
19,336,00000,000000,0000,000000,DISTRICT,Nadia ,Urban,348972,1438873,732656,706217,119100,60972,58128,405576,207720,197856,20400,10188,10212,1126469,597430,529039,312404,135226,177178
19,337,00000,000000,0000,000000,DISTRICT,North Twenty Four Parganas,Total,2348683,10009781,5119389,4890392,957973,489824,468149,2169084,1115458,1053626,264597,134179,130418,7608693,4056046,3552647,2401088,1063343,1337745
19,337,00000,000000,0000,000000,DISTRICT,North Twenty Four Parganas,Rural,993234,4277619,2196554,2081065,491418,250731,240687,1252699,646150,606549,196920,99676,97244,2929366,1593026,1336340,1348253,603528,744725
19,337,00000,000000,0000,000000,DISTRICT,North Twenty Four Parganas,Urban,1355449,5732162,2922835,2809327,466555,239093,227462,916385,469308,447077,67677,34503,33174,4679327,2463020,2216307,1052835,459815,593020
19,338,00000,000000,0000,000000,DISTRICT,Hugli ,Total,1287423,5519145,2814653,2704492,533210,273116,260094,1344021,680992,663029,229243,113249,115994,4078388,2211777,1866611,1440757,602876,837881
19,338,00000,000000,0000,000000,DISTRICT,Hugli ,Rural,781480,3390646,1722945,1667701,347916,178020,169896,1053739,532867,520872,211620,104347,107273,2389544,1309767,1079777,1001102,413178,587924
19,338,00000,000000,0000,000000,DISTRICT,Hugli ,Urban,505943,2128499,1091708,1036791,185294,95096,90198,290282,148125,142157,17623,8902,8721,1688844,902010,786834,439655,189698,249957
19,339,00000,000000,0000,000000,DISTRICT,Bankura ,Total,766902,3596674,1838095,1758579,418650,214846,203804,1174447,593440,581007,368690,183467,185223,2232992,1299337,933655,1363682,538758,824924
19,339,00000,000000,0000,000000,DISTRICT,Bankura ,Rural,701159,3296901,1685777,1611124,391728,201148,190580,1105653,559234,546419,365380,181734,183646,2002652,1174375,828277,1294249,511402,782847
19,339,00000,000000,0000,000000,DISTRICT,Bankura ,Urban,65743,299773,152318,147455,26922,13698,13224,68794,34206,34588,3310,1733,1577,230340,124962,105378,69433,27356,42077
19,340,00000,000000,0000,000000,DISTRICT,Puruliya,Total,567824,2930115,1496996,1433119,410227,210003,200224,567767,290789,276978,540652,271803,268849,1624905,1002058,622847,1305210,494938,810272
19,340,00000,000000,0000,000000,DISTRICT,Puruliya,Rural,495836,2556801,1304208,1252593,365161,186695,178466,490517,251410,239107,531822,267382,264440,1374860,858620,516240,1181941,445588,736353
19,340,00000,000000,0000,000000,DISTRICT,Puruliya,Urban,71988,373314,192788,180526,45066,23308,21758,77250,39379,37871,8830,4421,4409,250045,143438,106607,123269,49350,73919
19,341,00000,000000,0000,000000,DISTRICT,Haora ,Total,1061336,4850029,2500819,2349210,522802,266472,256330,718951,367053,351898,15094,7761,7333,3605206,1942824,1662382,1244823,557995,686828
19,341,00000,000000,0000,000000,DISTRICT,Haora ,Rural,391434,1775885,909519,866366,205158,104382,100776,407815,207531,200284,4025,2075,1950,1256266,682352,573914,519619,227167,292452
19,341,00000,000000,0000,000000,DISTRICT,Haora ,Urban,669902,3074144,1591300,1482844,317644,162090,155554,311136,159522,151614,11069,5686,5383,2348940,1260472,1088468,725204,330828,394376
19,342,00000,000000,0000,000000,DISTRICT,Kolkata,Total,1024928,4496694,2356766,2139928,339323,175564,163759,241932,128053,113879,10684,5729,4955,3588137,1926915,1661222,908557,429851,478706
19,342,00000,000000,0000,000000,DISTRICT,Kolkata,Rural,0,0,0,0,0,0,0,0,0,0,0,0,0,0,0,0,0,0,0
19,342,00000,000000,0000,000000,DISTRICT,Kolkata,Urban,1024928,4496694,2356766,2139928,339323,175564,163759,241932,128053,113879,10684,5729,4955,3588137,1926915,1661222,908557,429851,478706
19,343,00000,000000,0000,000000,DISTRICT,South Twenty Four Parganas,Total,1781221,8161961,4173778,3988183,1025679,522552,503127,2464032,1266504,1197528,96976,49195,47781,5531657,3043277,2488380,2630304,1130501,1499803
19,343,00000,000000,0000,000000,DISTRICT,South Twenty Four Parganas,Rural,1298259,6074188,3109219,2964969,806415,410498,395917,2062297,1061324,1000973,89889,45554,44335,3986878,2216852,1770026,2087310,892367,1194943
19,343,00000,000000,0000,000000,DISTRICT,South Twenty Four Parganas,Urban,482962,2087773,1064559,1023214,219264,112054,107210,401735,205180,196555,7087,3641,3446,1544779,826425,718354,542994,238134,304860
19,344,00000,000000,0000,000000,DISTRICT,Paschim Medinipur,Total,1301610,5913457,3007885,2905572,685012,349031,335981,1128269,570125,558144,880015,439831,440184,4078412,2266913,1811499,1835045,740972,1094073
19,344,00000,000000,0000,000000,DISTRICT,Paschim Medinipur,Rural,1142875,5190771,2641721,2549050,616836,314452,302384,1034177,523162,511015,853031,426541,426490,3515817,1967008,1548809,1674954,674713,1000241
19,344,00000,000000,0000,000000,DISTRICT,Paschim Medinipur,Urban,158735,722686,366164,356522,68176,34579,33597,94092,46963,47129,26984,13290,13694,562595,299905,262690,160091,66259,93832
19,345,00000,000000,0000,000000,DISTRICT,Purba Medinipur,Total,1114170,5095875,2629834,2466041,587654,301989,285665,745434,383718,361716,27952,14196,13756,3923194,2149073,1774121,1172681,480761,691920
19,345,00000,000000,0000,000000,DISTRICT,Purba Medinipur,Rural,988784,4503161,2322562,2180599,524312,269634,254678,677263,348478,328785,24028,12110,11918,3454187,1893682,1560505,1048974,428880,620094
19,345,00000,000000,0000,000000,DISTRICT,Purba Medinipur,Urban,125386,592714,307272,285442,63342,32355,30987,68171,35240,32931,3924,2086,1838,469007,255391,213616,123707,51881,71826
20,000,00000,000000,0000,000000,STATE,JHARKHAND,Total,6254781,32988134,16930315,16057819,5389495,2767147,2622348,3985644,2043458,1942186,8645042,4315407,4329635,18328069,10882519,7445550,14660065,6047796,8612269
20,000,00000,000000,0000,000000,STATE,JHARKHAND,Rural,4729369,25055073,12776486,12278587,4367507,2231494,2136013,3152863,1612513,1540350,7868150,3928323,3939827,12643078,7682731,4960347,12411995,5093755,7318240
20,000,00000,000000,0000,000000,STATE,JHARKHAND,Urban,1525412,7933061,4153829,3779232,1021988,535653,486335,832781,430945,401836,776892,387084,389808,5684991,3199788,2485203,2248070,954041,1294029
20,346,00000,000000,0000,000000,DISTRICT,Garhwa ,Total,254697,1322784,683575,639209,239664,122305,117359,319946,165313,154633,205874,104499,101375,653476,405161,248315,669308,278414,390894
20,346,00000,000000,0000,000000,DISTRICT,Garhwa ,Rural,241464,1253114,646947,606167,229136,116898,112238,308843,159417,149426,203918,103494,100424,607528,378452,229076,645586,268495,377091
20,346,00000,000000,0000,000000,DISTRICT,Garhwa ,Urban,13233,69670,36628,33042,10528,5407,5121,11103,5896,5207,1956,1005,951,45948,26709,19239,23722,9919,13803
20,347,00000,000000,0000,000000,DISTRICT,Chatra,Total,182271,1042886,533935,508951,195321,99312,96009,340553,172668,167885,45563,23141,22422,510061,303902,206159,532825,230033,302792
20,347,00000,000000,0000,000000,DISTRICT,Chatra,Rural,171296,979932,500211,479721,186068,94540,91528,332431,168424,164007,44298,22448,21850,466597,278745,187852,513335,221466,291869
20,347,00000,000000,0000,000000,DISTRICT,Chatra,Urban,10975,62954,33724,29230,9253,4772,4481,8122,4244,3878,1265,693,572,43464,25157,18307,19490,8567,10923
20,348,00000,000000,0000,000000,DISTRICT,Kodarma,Total,116155,716259,367222,349037,132375,67916,64459,109003,55346,53657,6903,3594,3309,390249,238780,151469,326010,128442,197568
20,348,00000,000000,0000,000000,DISTRICT,Kodarma,Rural,91693,575013,293595,281418,110025,56294,53731,93885,47509,46376,6152,3210,2942,296147,184511,111636,278866,109084,169782
20,348,00000,000000,0000,000000,DISTRICT,Kodarma,Urban,24462,141246,73627,67619,22350,11622,10728,15118,7837,7281,751,384,367,94102,54269,39833,47144,19358,27786
20,349,00000,000000,0000,000000,DISTRICT,Giridih,Total,396521,2445474,1258098,1187376,460251,237056,223195,325493,166447,159046,238188,120646,117542,1253475,783736,469739,1191999,474362,717637
20,349,00000,000000,0000,000000,DISTRICT,Giridih,Rural,360709,2237450,1149608,1087842,428388,220351,208037,301327,154039,147288,235170,119085,116085,1113513,705100,408413,1123937,444508,679429
20,349,00000,000000,0000,000000,DISTRICT,Giridih,Urban,35812,208024,108490,99534,31863,16705,15158,24166,12408,11758,3018,1561,1457,139962,78636,61326,68062,29854,38208
20,350,00000,000000,0000,000000,DISTRICT,Deoghar,Total,264347,1492073,775022,717051,268453,137658,130795,190036,98295,91741,180962,91012,89950,793538,489837,303701,698535,285185,413350
20,350,00000,000000,0000,000000,DISTRICT,Deoghar,Rural,217783,1233712,638136,595576,233712,119310,114402,159077,82050,77027,176140,88616,87524,604892,382872,222020,628820,255264,373556
20,350,00000,000000,0000,000000,DISTRICT,Deoghar,Urban,46564,258361,136886,121475,34741,18348,16393,30959,16245,14714,4822,2396,2426,188646,106965,81681,69715,29921,39794
20,351,00000,000000,0000,000000,DISTRICT,Godda,Total,253648,1313551,677927,635624,241784,123368,118416,115567,59835,55732,279208,138510,140698,604519,376212,228307,709032,301715,407317
20,351,00000,000000,0000,000000,DISTRICT,Godda,Rural,241815,1249132,643907,605225,232349,118423,113926,111055,57502,53553,276785,137352,139433,559346,350710,208636,689786,293197,396589
20,351,00000,000000,0000,000000,DISTRICT,Godda,Urban,11833,64419,34020,30399,9435,4945,4490,4512,2333,2179,2423,1158,1265,45173,25502,19671,19246,8518,10728
20,352,00000,000000,0000,000000,DISTRICT,Sahibganj,Total,227023,1150567,589391,561176,221955,113220,108735,72341,37317,35024,308343,153435,154908,483263,287303,195960,667304,302088,365216
20,352,00000,000000,0000,000000,DISTRICT,Sahibganj,Rural,196056,990901,505892,485009,196990,100386,96604,57490,29560,27930,301930,150205,151725,384659,231109,153550,606242,274783,331459
20,352,00000,000000,0000,000000,DISTRICT,Sahibganj,Urban,30967,159666,83499,76167,24965,12834,12131,14851,7757,7094,6413,3230,3183,98604,56194,42410,61062,27305,33757
20,353,00000,000000,0000,000000,DISTRICT,Pakur,Total,182317,900422,452661,447761,177623,89935,87688,28469,14352,14117,379054,186967,192087,352881,206989,145892,547541,245672,301869
20,353,00000,000000,0000,000000,DISTRICT,Pakur,Rural,168906,832910,418251,414659,166244,84221,82023,25177,12698,12479,376390,185652,190738,315553,186532,129021,517357,231719,285638
20,353,00000,000000,0000,000000,DISTRICT,Pakur,Urban,13411,67512,34410,33102,11379,5714,5665,3292,1654,1638,2664,1315,1349,37328,20457,16871,30184,13953,16231
20,354,00000,000000,0000,000000,DISTRICT,Dhanbad,Total,507064,2684487,1405956,1278531,373394,194879,178515,437309,226362,210947,233119,117256,115863,1722204,1014950,707254,962283,391006,571277
20,354,00000,000000,0000,000000,DISTRICT,Dhanbad,Rural,211024,1124093,581956,542137,171670,88786,82884,163090,83786,79304,198079,99381,98698,649255,397144,252111,474838,184812,290026
20,354,00000,000000,0000,000000,DISTRICT,Dhanbad,Urban,296040,1560394,824000,736394,201724,106093,95631,274219,142576,131643,35040,17875,17165,1072949,617806,455143,487445,206194,281251
20,355,00000,000000,0000,000000,DISTRICT,Bokaro,Total,394918,2062330,1072807,989523,293786,152803,140983,299227,154297,144930,255626,129233,126393,1273520,759088,514432,788810,313719,475091
20,355,00000,000000,0000,000000,DISTRICT,Bokaro,Rural,206148,1078686,554954,523732,169694,87270,82424,175690,90291,85399,182223,92118,90105,577178,357363,219815,501508,197591,303917
20,355,00000,000000,0000,000000,DISTRICT,Bokaro,Urban,188770,983644,517853,465791,124092,65533,58559,123537,64006,59531,73403,37115,36288,696342,401725,294617,287302,116128,171174
20,356,00000,000000,0000,000000,DISTRICT,Lohardaga,Total,88638,461790,232629,229161,77649,39412,38237,15330,7862,7468,262734,130814,131920,259707,149568,110139,202083,83061,119022
20,356,00000,000000,0000,000000,DISTRICT,Lohardaga,Rural,77536,404379,203255,201124,69791,35332,34459,13035,6680,6355,248472,123926,124546,217404,126853,90551,186975,76402,110573
20,356,00000,000000,0000,000000,DISTRICT,Lohardaga,Urban,11102,57411,29374,28037,7858,4080,3778,2295,1182,1113,14262,6888,7374,42303,22715,19588,15108,6659,8449
20,357,00000,000000,0000,000000,DISTRICT,Purbi Singhbhum,Total,476931,2293919,1176902,1117017,296626,154229,142397,111414,56147,55267,653923,325989,327934,1507699,856526,651173,786220,320376,465844
20,357,00000,000000,0000,000000,DISTRICT,Purbi Singhbhum,Rural,218160,1019328,514498,504830,147492,75554,71938,44771,22363,22408,515214,256760,258454,547997,327892,220105,471331,186606,284725
20,357,00000,000000,0000,000000,DISTRICT,Purbi Singhbhum,Urban,258771,1274591,662404,612187,149134,78675,70459,66643,33784,32859,138709,69229,69480,959702,528634,431068,314889,133770,181119
20,358,00000,000000,0000,000000,DISTRICT,Palamu,Total,358754,1939869,1006302,933567,329728,169543,160185,536382,277119,259263,181208,92577,88631,1024563,621706,402857,915306,384596,530710
20,358,00000,000000,0000,000000,DISTRICT,Palamu,Rural,318828,1713866,887551,826315,298338,153161,145177,503315,259749,243566,177852,90870,86982,867814,532569,335245,846052,354982,491070
20,358,00000,000000,0000,000000,DISTRICT,Palamu,Urban,39926,226003,118751,107252,31390,16382,15008,33067,17370,15697,3356,1707,1649,156749,89137,67612,69254,29614,39640
20,359,00000,000000,0000,000000,DISTRICT,Latehar,Total,133381,726978,369666,357312,137699,69971,67728,154910,78266,76644,331096,166427,164669,350682,209706,140976,376296,159960,216336
20,359,00000,000000,0000,000000,DISTRICT,Latehar,Rural,123316,675120,342566,332554,129917,65927,63990,146213,73813,72400,324023,162958,161065,316158,190161,125997,358962,152405,206557
20,359,00000,000000,0000,000000,DISTRICT,Latehar,Urban,10065,51858,27100,24758,7782,4044,3738,8697,4453,4244,7073,3469,3604,34524,19545,14979,17334,7555,9779
20,360,00000,000000,0000,000000,DISTRICT,Hazaribagh,Total,304749,1734495,890881,843614,281863,145821,136042,303515,155013,148502,121768,60796,60972,1013249,596113,417136,721246,294768,426478
20,360,00000,000000,0000,000000,DISTRICT,Hazaribagh,Rural,255451,1459188,746934,712254,246642,127467,119175,272868,139157,133711,107553,53800,53753,808009,482336,325673,651179,264598,386581
20,360,00000,000000,0000,000000,DISTRICT,Hazaribagh,Urban,49298,275307,143947,131360,35221,18354,16867,30647,15856,14791,14215,6996,7219,205240,113777,91463,70067,30170,39897
20,361,00000,000000,0000,000000,DISTRICT,Ramgarh,Total,179375,949443,494230,455213,134226,69661,64565,106356,54986,51370,201166,101901,99265,596497,350031,246466,352946,144199,208747
20,361,00000,000000,0000,000000,DISTRICT,Ramgarh,Rural,98829,530488,272167,258321,79756,41044,38712,50227,25853,24374,144484,73082,71402,301206,179912,121294,229282,92255,137027
20,361,00000,000000,0000,000000,DISTRICT,Ramgarh,Urban,80546,418955,222063,196892,54470,28617,25853,56129,29133,26996,56682,28819,27863,295291,170119,125172,123664,51944,71720
20,362,00000,000000,0000,000000,DISTRICT,Dumka,Total,275019,1321442,668514,652928,219449,111641,107808,79614,40802,38812,571077,282125,288952,672409,406275,266134,649033,262239,386794
20,362,00000,000000,0000,000000,DISTRICT,Dumka,Rural,257610,1231264,620928,610336,207804,105570,102234,71695,36714,34981,565629,279275,286354,606660,369261,237399,624604,251667,372937
20,362,00000,000000,0000,000000,DISTRICT,Dumka,Urban,17409,90178,47586,42592,11645,6071,5574,7919,4088,3831,5448,2850,2598,65749,37014,28735,24429,10572,13857
20,363,00000,000000,0000,000000,DISTRICT,Jamtara,Total,155275,791042,404830,386212,130993,67051,63942,72885,37212,35673,240489,120035,120454,426312,258260,168052,364730,146570,218160
20,363,00000,000000,0000,000000,DISTRICT,Jamtara,Rural,140311,715296,365043,350253,121244,61975,59269,63026,32105,30921,236962,118262,118700,371784,227285,144499,343512,137758,205754
20,363,00000,000000,0000,000000,DISTRICT,Jamtara,Urban,14964,75746,39787,35959,9749,5076,4673,9859,5107,4752,3527,1773,1754,54528,30975,23553,21218,8812,12406
20,364,00000,000000,0000,000000,DISTRICT,Ranchi,Total,569444,2914253,1494937,1419316,401214,207029,194185,152943,78613,74330,1042016,520582,521434,1911433,1085244,826189,1002820,409693,593127
20,364,00000,000000,0000,000000,DISTRICT,Ranchi,Rural,326235,1656918,840528,816390,250753,127908,122845,84270,43088,41182,789838,395718,394120,953472,560352,393120,703446,280176,423270
20,364,00000,000000,0000,000000,DISTRICT,Ranchi,Urban,243209,1257335,654409,602926,150461,79121,71340,68673,35525,33148,252178,124864,127314,957961,524892,433069,299374,129517,169857
20,365,00000,000000,0000,000000,DISTRICT,Khunti,Total,103700,531885,266335,265550,86292,43947,42345,24037,12223,11814,389626,193710,195916,284575,164741,119834,247310,101594,145716
20,365,00000,000000,0000,000000,DISTRICT,Khunti,Rural,94645,486903,243494,243409,80544,40974,39570,21223,10799,10424,371469,184910,186559,251733,147000,104733,235170,96494,138676
20,365,00000,000000,0000,000000,DISTRICT,Khunti,Urban,9055,44982,22841,22141,5748,2973,2775,2814,1424,1390,18157,8800,9357,32842,17741,15101,12140,5100,7040
20,366,00000,000000,0000,000000,DISTRICT,Gumla,Total,188988,1025213,514390,510823,173647,88472,85175,32459,16446,16013,706754,352514,354240,559720,321795,237925,465493,192595,272898
20,366,00000,000000,0000,000000,DISTRICT,Gumla,Rural,176633,960132,481135,478997,165197,84100,81097,29506,14880,14626,682789,340901,341888,510005,295167,214838,450127,185968,264159
20,366,00000,000000,0000,000000,DISTRICT,Gumla,Urban,12355,65081,33255,31826,8450,4372,4078,2953,1566,1387,23965,11613,12352,49715,26628,23087,15366,6627,8739
20,367,00000,000000,0000,000000,DISTRICT,Simdega,Total,118288,599578,300309,299269,94414,47962,46452,44674,22150,22524,424407,211546,212861,343483,191991,151492,256095,108318,147777
20,367,00000,000000,0000,000000,DISTRICT,Simdega,Rural,110036,556634,278425,278209,88993,45218,43775,42751,21196,21555,404487,201913,202574,311416,174914,136502,245218,103511,141707
20,367,00000,000000,0000,000000,DISTRICT,Simdega,Urban,8252,42944,21884,21060,5421,2744,2677,1923,954,969,19920,9633,10287,32067,17077,14990,10877,4807,6070
20,368,00000,000000,0000,000000,DISTRICT,Pashchimi Singhbhum,Total,302046,1502338,749385,752953,261493,131836,129657,56986,28144,28842,1011296,500949,510347,727561,439273,288288,774777,310112,464665
20,368,00000,000000,0000,000000,DISTRICT,Pashchimi Singhbhum,Rural,257294,1284304,637657,646647,234093,117879,116214,38215,18916,19299,953106,472040,481066,570404,351945,218459,713900,285712,428188
20,368,00000,000000,0000,000000,DISTRICT,Pashchimi Singhbhum,Urban,44752,218034,111728,106306,27400,13957,13443,18771,9228,9543,58190,28909,29281,157157,87328,69829,60877,24400,36477
20,369,00000,000000,0000,000000,DISTRICT,Saraikela-Kharsawan,Total,221232,1065056,544411,520645,159596,82120,77476,56195,28243,27952,374642,187149,187493,612993,365332,247661,452063,179079,272984
20,369,00000,000000,0000,000000,DISTRICT,Saraikela-Kharsawan,Rural,167591,806310,408848,397462,122667,62906,59761,43683,21924,21759,345187,172347,172840,434348,264546,169802,371962,144302,227660
20,369,00000,000000,0000,000000,DISTRICT,Saraikela-Kharsawan,Urban,53641,258746,135563,123183,36929,19214,17715,12512,6319,6193,29455,14802,14653,178645,100786,77859,80101,34777,45324
21,000,00000,000000,0000,000000,STATE,ODISHA,Total,9637820,41974218,21212136,20762082,5273194,2716497,2556697,7188463,3617808,3570655,9590756,4727732,4863024,26742595,15089681,11652914,15231623,6122455,9109168
21,000,00000,000000,0000,000000,STATE,ODISHA,Rural,8089987,34970562,17586203,17384359,4525870,2325832,2200038,6218642,3127719,3090923,8994967,4428522,4566445,21377915,12154552,9223363,13592647,5431651,8160996
21,000,00000,000000,0000,000000,STATE,ODISHA,Urban,1547833,7003656,3625933,3377723,747324,390665,356659,969821,490089,479732,595789,299210,296579,5364680,2935129,2429551,1638976,690804,948172
21,370,00000,000000,0000,000000,DISTRICT,Bargarh,Total,370308,1481255,749161,732094,162922,83267,79655,298780,150420,148360,281135,140542,140593,983783,557217,426566,497472,191944,305528
21,370,00000,000000,0000,000000,DISTRICT,Bargarh,Rural,336130,1331145,672603,658542,146333,74709,71624,269396,135660,133736,270996,135586,135410,869172,494987,374185,461973,177616,284357
21,370,00000,000000,0000,000000,DISTRICT,Bargarh,Urban,34178,150110,76558,73552,16589,8558,8031,29384,14760,14624,10139,4956,5183,114611,62230,52381,35499,14328,21171
21,371,00000,000000,0000,000000,DISTRICT,Jharsuguda,Total,136061,579505,296690,282815,64794,33341,31453,104620,52580,52040,176758,88273,88485,405879,228092,177787,173626,68598,105028
21,371,00000,000000,0000,000000,DISTRICT,Jharsuguda,Rural,84287,348340,176162,172178,37295,19023,18272,68740,34397,34343,140117,69951,70166,234962,132448,102514,113378,43714,69664
21,371,00000,000000,0000,000000,DISTRICT,Jharsuguda,Urban,51774,231165,120528,110637,27499,14318,13181,35880,18183,17697,36641,18322,18319,170917,95644,75273,60248,24884,35364
21,372,00000,000000,0000,000000,DISTRICT,Sambalpur,Total,249597,1041099,526877,514222,117848,60744,57104,191827,96511,95316,355261,177565,177696,703691,393192,310499,337408,133685,203723
21,372,00000,000000,0000,000000,DISTRICT,Sambalpur,Rural,179411,733006,368692,364314,84408,43170,41238,134729,67886,66843,318413,158927,159486,470897,266228,204669,262109,102464,159645
21,372,00000,000000,0000,000000,DISTRICT,Sambalpur,Urban,70186,308093,158185,149908,33440,17574,15866,57098,28625,28473,36848,18638,18210,232794,126964,105830,75299,31221,44078
21,373,00000,000000,0000,000000,DISTRICT,Debagarh,Total,75452,312520,158230,154290,39917,20718,19199,52112,26343,25769,110400,55126,55274,197819,112649,85170,114701,45581,69120
21,373,00000,000000,0000,000000,DISTRICT,Debagarh,Rural,70058,290130,146666,143464,37332,19378,17954,48246,24428,23818,104956,52324,52632,181300,103536,77764,108830,43130,65700
21,373,00000,000000,0000,000000,DISTRICT,Debagarh,Urban,5394,22390,11564,10826,2585,1340,1245,3866,1915,1951,5444,2802,2642,16519,9113,7406,5871,2451,3420
21,374,00000,000000,0000,000000,DISTRICT,Sundargarh,Total,479109,2093437,1061147,1032290,263160,135204,127956,191660,96465,95195,1062349,526856,535493,1342322,750147,592175,751115,311000,440115
21,374,00000,000000,0000,000000,DISTRICT,Sundargarh,Rural,312497,1355340,676068,679272,181482,92292,89190,115853,57762,58091,908475,450276,458199,782147,441493,340654,573193,234575,338618
21,374,00000,000000,0000,000000,DISTRICT,Sundargarh,Urban,166612,738097,385079,353018,81678,42912,38766,75807,38703,37104,153874,76580,77294,560175,308654,251521,177922,76425,101497
21,375,00000,000000,0000,000000,DISTRICT,Kendujhar,Total,405272,1801733,906487,895246,259403,131885,127518,209357,104684,104673,818878,405927,412951,1052518,605119,447399,749215,301368,447847
21,375,00000,000000,0000,000000,DISTRICT,Kendujhar,Rural,348448,1548674,774667,774007,224941,114111,110830,172913,86283,86630,759937,376255,383682,880689,507316,373373,667985,267351,400634
21,375,00000,000000,0000,000000,DISTRICT,Kendujhar,Urban,56824,253059,131820,121239,34462,17774,16688,36444,18401,18043,58941,29672,29269,171829,97803,74026,81230,34017,47213
21,376,00000,000000,0000,000000,DISTRICT,Mayurbhanj,Total,586253,2519738,1256213,1263525,351834,179536,172298,184682,92127,92555,1479576,730487,749089,1369397,794171,575226,1150341,462042,688299
21,376,00000,000000,0000,000000,DISTRICT,Mayurbhanj,Rural,542726,2326842,1157576,1169266,332377,169322,163055,163237,81424,81813,1439002,710396,728606,1220428,713913,506515,1106414,443663,662751
21,376,00000,000000,0000,000000,DISTRICT,Mayurbhanj,Urban,43527,192896,98637,94259,19457,10214,9243,21445,10703,10742,40574,20091,20483,148969,80258,68711,43927,18379,25548
21,377,00000,000000,0000,000000,DISTRICT,Baleshwar,Total,533001,2320529,1185787,1134742,288672,148565,140107,478586,243597,234989,275678,137748,137930,1621232,902359,718873,699297,283428,415869
21,377,00000,000000,0000,000000,DISTRICT,Baleshwar,Rural,477434,2067236,1056466,1010770,260819,134260,126559,447936,228038,219898,255098,127371,127727,1430341,799882,630459,636895,256584,380311
21,377,00000,000000,0000,000000,DISTRICT,Baleshwar,Urban,55567,253293,129321,123972,27853,14305,13548,30650,15559,15091,20580,10377,10203,190891,102477,88414,62402,26844,35558
21,378,00000,000000,0000,000000,DISTRICT,Bhadrak,Total,306333,1506337,760260,746077,184560,95048,89512,334896,168687,166209,30428,15361,15067,1094140,596269,497871,412197,163991,248206
21,378,00000,000000,0000,000000,DISTRICT,Bhadrak,Rural,270791,1320499,665255,655244,161574,83188,78386,316246,159293,156953,24347,12335,12012,964713,525719,438994,355786,139536,216250
21,378,00000,000000,0000,000000,DISTRICT,Bhadrak,Urban,35542,185838,95005,90833,22986,11860,11126,18650,9394,9256,6081,3026,3055,129427,70550,58877,56411,24455,31956
21,379,00000,000000,0000,000000,DISTRICT,Kendrapara ,Total,321934,1440361,717814,722547,161159,83654,77505,309780,155531,154249,9484,4748,4736,1089265,579970,509295,351096,137844,213252
21,379,00000,000000,0000,000000,DISTRICT,Kendrapara ,Rural,305868,1356827,675053,681774,152138,78899,73239,293691,147353,146338,8862,4424,4438,1023485,544759,478726,333342,130294,203048
21,379,00000,000000,0000,000000,DISTRICT,Kendrapara ,Urban,16066,83534,42761,40773,9021,4755,4266,16089,8178,7911,622,324,298,65780,35211,30569,17754,7550,10204
21,380,00000,000000,0000,000000,DISTRICT,Jagatsinghapur ,Total,261307,1136971,577865,559106,110249,57155,53094,248152,125184,122968,7862,4226,3636,889027,481049,407978,247944,96816,151128
21,380,00000,000000,0000,000000,DISTRICT,Jagatsinghapur ,Rural,233626,1020991,516813,504178,98291,50857,47434,231690,116636,115054,4524,2449,2075,798202,430959,367243,222789,85854,136935
21,380,00000,000000,0000,000000,DISTRICT,Jagatsinghapur ,Urban,27681,115980,61052,54928,11958,6298,5660,16462,8548,7914,3338,1777,1561,90825,50090,40735,25155,10962,14193
21,381,00000,000000,0000,000000,DISTRICT,Cuttack,Total,579170,2624470,1352760,1271710,271816,142037,129779,498633,254456,244177,93745,47437,46308,2011469,1103033,908436,613001,249727,363274
21,381,00000,000000,0000,000000,DISTRICT,Cuttack,Rural,429454,1888423,970885,917538,201598,105054,96544,406771,207678,199093,81658,41229,40429,1407978,780022,627956,480445,190863,289582
21,381,00000,000000,0000,000000,DISTRICT,Cuttack,Urban,149716,736047,381875,354172,70218,36983,33235,91862,46778,45084,12087,6208,5879,603491,323011,280480,132556,58864,73692
21,382,00000,000000,0000,000000,DISTRICT,Jajapur  ,Total,407851,1827192,926034,901158,216804,112558,104246,433387,220553,212834,151432,76048,75384,1290455,706396,584059,536737,219638,317099
21,382,00000,000000,0000,000000,DISTRICT,Jajapur  ,Rural,378645,1692095,856539,835556,200284,104000,96284,415652,211521,204131,139209,69976,69233,1188483,651153,537330,503612,205386,298226
21,382,00000,000000,0000,000000,DISTRICT,Jajapur  ,Urban,29206,135097,69495,65602,16520,8558,7962,17735,9032,8703,12223,6072,6151,101972,55243,46729,33125,14252,18873
21,383,00000,000000,0000,000000,DISTRICT,Dhenkanal,Total,279364,1192811,612593,580218,139096,74093,65003,234079,118755,115324,162056,80878,81178,829910,464093,365817,362901,148500,214401
21,383,00000,000000,0000,000000,DISTRICT,Dhenkanal,Rural,253446,1075305,551326,523979,127334,67847,59487,215178,109104,106074,156671,78204,78467,735523,412767,322756,339782,138559,201223
21,383,00000,000000,0000,000000,DISTRICT,Dhenkanal,Urban,25918,117506,61267,56239,11762,6246,5516,18901,9651,9250,5385,2674,2711,94387,51326,43061,23119,9941,13178
21,384,00000,000000,0000,000000,DISTRICT,Anugul  ,Total,297050,1273821,655718,618103,152403,80666,71737,239552,121459,118093,179603,89980,89623,869456,494425,375031,404365,161293,243072
21,384,00000,000000,0000,000000,DISTRICT,Anugul  ,Rural,249733,1067275,546385,520890,130583,68785,61798,205004,103752,101252,162048,80989,81059,709069,404772,304297,358206,141613,216593
21,384,00000,000000,0000,000000,DISTRICT,Anugul  ,Urban,47317,206546,109333,97213,21820,11881,9939,34548,17707,16841,17555,8991,8564,160387,89653,70734,46159,19680,26479
21,385,00000,000000,0000,000000,DISTRICT,Nayagarh  ,Total,228315,962789,502636,460153,106871,57599,49272,136399,69813,66586,58691,29173,29518,688362,392333,296029,274427,110303,164124
21,385,00000,000000,0000,000000,DISTRICT,Nayagarh  ,Rural,210850,883051,461019,422032,98936,53275,45661,125932,64486,61446,57531,28531,29000,625345,357687,267658,257706,103332,154374
21,385,00000,000000,0000,000000,DISTRICT,Nayagarh  ,Urban,17465,79738,41617,38121,7935,4324,3611,10467,5327,5140,1160,642,518,63017,34646,28371,16721,6971,9750
21,386,00000,000000,0000,000000,DISTRICT,Khordha ,Total,494212,2251673,1167137,1084536,237394,123879,113515,297472,151528,145944,115051,59094,55957,1749936,957515,792421,501737,209622,292115
21,386,00000,000000,0000,000000,DISTRICT,Khordha ,Rural,247304,1167357,595809,571548,130977,68059,62918,189428,95784,93644,67798,33817,33981,859680,471689,387991,307677,124120,183557
21,386,00000,000000,0000,000000,DISTRICT,Khordha ,Urban,246908,1084316,571328,512988,106417,55820,50597,108044,55744,52300,47253,25277,21976,890256,485826,404430,194060,85502,108558
21,387,00000,000000,0000,000000,DISTRICT,Puri,Total,367269,1698730,865380,833350,172888,89496,83392,325133,164366,160767,6129,3240,2889,1291939,704857,587082,406791,160523,246268
21,387,00000,000000,0000,000000,DISTRICT,Puri,Rural,313188,1433800,728213,705587,147983,76563,71420,296881,150019,146862,4379,2251,2128,1082202,591850,490352,351598,136363,215235
21,387,00000,000000,0000,000000,DISTRICT,Puri,Urban,54081,264930,137167,127763,24905,12933,11972,28252,14347,13905,1750,989,761,209737,113007,96730,55193,24160,31033
21,388,00000,000000,0000,000000,DISTRICT,Ganjam,Total,758267,3529031,1779218,1749813,420158,220159,199999,688235,342111,346124,118928,59172,59756,2210050,1262652,947398,1318981,516566,802415
21,388,00000,000000,0000,000000,DISTRICT,Ganjam,Rural,596062,2761030,1383636,1377394,342463,179550,162913,566923,281268,285655,112338,55701,56637,1635150,945712,689438,1125880,437924,687956
21,388,00000,000000,0000,000000,DISTRICT,Ganjam,Urban,162205,768001,395582,372419,77695,40609,37086,121312,60843,60469,6590,3471,3119,574900,316940,257960,193101,78642,114459
21,389,00000,000000,0000,000000,DISTRICT,Gajapati,Total,128523,577817,282882,294935,86984,44212,42772,39175,19037,20138,313714,151902,161812,262537,153663,108874,315280,129219,186061
21,389,00000,000000,0000,000000,DISTRICT,Gajapati,Rural,112365,507151,247655,259496,79684,40387,39297,29535,14423,15112,308867,149507,159360,213160,126934,86226,293991,120721,173270
21,389,00000,000000,0000,000000,DISTRICT,Gajapati,Urban,16158,70666,35227,35439,7300,3825,3475,9640,4614,5026,4847,2395,2452,49377,26729,22648,21289,8498,12791
21,390,00000,000000,0000,000000,DISTRICT,Kandhamal,Total,172022,733110,359945,373165,109709,55915,53794,115544,56987,58557,392820,190506,202314,399786,233900,165886,333324,126045,207279
21,390,00000,000000,0000,000000,DISTRICT,Kandhamal,Rural,155256,660831,323523,337308,101816,51758,50058,100569,49588,50981,380602,184742,195860,343893,203797,140096,316938,119726,197212
21,390,00000,000000,0000,000000,DISTRICT,Kandhamal,Urban,16766,72279,36422,35857,7893,4157,3736,14975,7399,7576,12218,5764,6454,55893,30103,25790,16386,6319,10067
21,391,00000,000000,0000,000000,DISTRICT,Baudh,Total,106961,441162,221625,219537,61847,31260,30587,104934,52497,52437,55364,27362,28002,271612,158648,112964,169550,62977,106573
21,391,00000,000000,0000,000000,DISTRICT,Baudh,Rural,102402,420738,211133,209605,59737,30184,29553,99438,49693,49745,54867,27092,27775,255716,149864,105852,165022,61269,103753
21,391,00000,000000,0000,000000,DISTRICT,Baudh,Urban,4559,20424,10492,9932,2110,1076,1034,5496,2804,2692,497,270,227,15896,8784,7112,4528,1708,2820
21,392,00000,000000,0000,000000,DISTRICT,Subarnapur,Total,151136,610183,311312,298871,74821,38335,36486,156219,79725,76494,57192,28794,28398,398421,230393,168028,211762,80919,130843
21,392,00000,000000,0000,000000,DISTRICT,Subarnapur,Rural,139346,560242,285634,274608,69350,35506,33844,143381,73224,70157,55256,27795,27461,361498,209666,151832,198744,75968,122776
21,392,00000,000000,0000,000000,DISTRICT,Subarnapur,Urban,11790,49941,25678,24263,5471,2829,2642,12838,6501,6337,1936,999,937,36923,20727,16196,13018,4951,8067
21,393,00000,000000,0000,000000,DISTRICT,Balangir,Total,414749,1648997,830097,818900,216320,110658,105662,294777,148356,146421,347164,172489,174675,927260,545672,381588,721737,284425,437312
21,393,00000,000000,0000,000000,DISTRICT,Balangir,Rural,369273,1451616,728770,722846,194634,99273,95361,263126,132340,130786,334672,166214,168458,780657,464882,315775,670959,263888,407071
21,393,00000,000000,0000,000000,DISTRICT,Balangir,Urban,45476,197381,101327,96054,21686,11385,10301,31651,16016,15635,12492,6275,6217,146603,80790,65813,50778,20537,30241
21,394,00000,000000,0000,000000,DISTRICT,Nuapada,Total,152210,610382,301962,308420,88344,44600,43744,82159,40742,41417,206327,100469,105858,299383,180903,118480,310999,121059,189940
21,394,00000,000000,0000,000000,DISTRICT,Nuapada,Rural,144299,576328,284792,291536,84066,42394,41672,75346,37415,37931,204121,99371,104750,275864,167937,107927,300464,116855,183609
21,394,00000,000000,0000,000000,DISTRICT,Nuapada,Urban,7911,34054,17170,16884,4278,2206,2072,6813,3327,3486,2206,1098,1108,23519,12966,10553,10535,4204,6331
21,395,00000,000000,0000,000000,DISTRICT,Kalahandi,Total,401251,1576869,787101,789768,222570,113726,108844,286580,142133,144447,449456,221171,228285,802036,484177,317859,774833,302924,471909
21,395,00000,000000,0000,000000,DISTRICT,Kalahandi,Rural,373304,1454882,724646,730236,208763,106543,102220,264974,131474,133500,440775,216883,223892,713762,435330,278432,741120,289316,451804
21,395,00000,000000,0000,000000,DISTRICT,Kalahandi,Urban,27947,121987,62455,59532,13807,7183,6624,21606,10659,10947,8681,4288,4393,88274,48847,39427,33713,13608,20105
21,396,00000,000000,0000,000000,DISTRICT,Rayagada  ,Total,226144,967911,471960,495951,148522,75598,72924,139514,68068,71446,541905,259040,282865,407735,241959,165776,560176,230001,330175
21,396,00000,000000,0000,000000,DISTRICT,Rayagada  ,Rural,191568,820945,397774,423171,132230,67245,64985,116657,56888,59769,522208,249459,272749,305758,185630,120128,515187,212144,303043
21,396,00000,000000,0000,000000,DISTRICT,Rayagada  ,Urban,34576,146966,74186,72780,16292,8353,7939,22857,11180,11677,19697,9581,10116,101977,56329,45648,44989,17857,27132
21,397,00000,000000,0000,000000,DISTRICT,Nabarangapur ,Total,273423,1220946,604812,616134,207911,104077,103834,177384,88252,89132,681173,335028,346145,470379,286984,183395,750567,317828,432739
21,397,00000,000000,0000,000000,DISTRICT,Nabarangapur ,Rural,253208,1133321,560771,572550,197140,98612,98528,157676,78616,79060,668056,328693,339363,410535,254221,156314,722786,306550,416236
21,397,00000,000000,0000,000000,DISTRICT,Nabarangapur ,Urban,20215,87625,44041,43584,10771,5465,5306,19708,9636,10072,13117,6335,6782,59844,32763,27081,27781,11278,16503
21,398,00000,000000,0000,000000,DISTRICT,Koraput,Total,337677,1379647,678809,700838,225126,113742,111384,196540,96789,99751,697583,337373,360210,568090,340843,227247,811557,337966,473591
21,398,00000,000000,0000,000000,DISTRICT,Koraput,Rural,282783,1153478,563771,589707,199037,100325,98712,160697,79036,81661,662719,320130,342589,404425,250926,153499,749053,312845,436208
21,398,00000,000000,0000,000000,DISTRICT,Koraput,Urban,54894,226169,115038,111131,26089,13417,12672,35843,17753,18090,34864,17243,17621,163665,89917,73748,62504,25121,37383
21,399,00000,000000,0000,000000,DISTRICT,Malkangiri  ,Total,137599,613192,303624,309568,109092,54770,54322,138295,70052,68243,354614,171717,182897,244706,147001,97705,368486,156623,211863
21,399,00000,000000,0000,000000,DISTRICT,Malkangiri  ,Rural,126225,563664,277901,285763,102265,51263,51002,122797,62250,60547,346465,167644,178821,212881,128473,84408,350783,149428,201355
21,399,00000,000000,0000,000000,DISTRICT,Malkangiri  ,Urban,11374,49528,25723,23805,6827,3507,3320,15498,7802,7696,8149,4073,4076,31825,18528,13297,17703,7195,10508
22,000,00000,000000,0000,000000,STATE,CHHATTISGARH,Total,5650724,25545198,12832895,12712303,3661689,1859935,1801754,3274269,1641738,1632531,7822902,3873191,3949711,15379922,8807893,6572029,10165276,4025002,6140274
22,000,00000,000000,0000,000000,STATE,CHHATTISGARH,Rural,4365568,19607961,9797426,9810535,2924941,1479586,1445355,2511949,1258559,1253390,7231082,3577134,3653948,11008956,6403012,4605944,8599005,3394414,5204591
22,000,00000,000000,0000,000000,STATE,CHHATTISGARH,Urban,1285156,5937237,3035469,2901768,736748,380349,356399,762320,383179,379141,591820,296057,295763,4370966,2404881,1966085,1566271,630588,935683
22,400,00000,000000,0000,000000,DISTRICT,Koriya,Total,153274,658917,334737,324180,95784,48666,47118,54776,27682,27094,304280,152659,151621,397823,229923,167900,261094,104814,156280
22,400,00000,000000,0000,000000,DISTRICT,Koriya,Rural,108193,453618,228338,225280,72914,36699,36215,31238,15675,15563,274059,137286,136773,249156,145851,103305,204462,82487,121975
22,400,00000,000000,0000,000000,DISTRICT,Koriya,Urban,45081,205299,106399,98900,22870,11967,10903,23538,12007,11531,30221,15373,14848,148667,84072,64595,56632,22327,34305
22,401,00000,000000,0000,000000,DISTRICT,Surguja,Total,526049,2359886,1193129,1166757,380445,193952,186493,115652,58281,57371,1300628,652799,647829,1187941,694686,493255,1171945,498443,673502
22,401,00000,000000,0000,000000,DISTRICT,Surguja,Rural,476467,2116965,1067908,1049057,350022,177966,172056,103230,51880,51350,1248135,626923,621212,1008398,596287,412111,1108567,471621,636946
22,401,00000,000000,0000,000000,DISTRICT,Surguja,Urban,49582,242921,125221,117700,30423,15986,14437,12422,6401,6021,52493,25876,26617,179543,98399,81144,63378,26822,36556
22,402,00000,000000,0000,000000,DISTRICT,Jashpur ,Total,192570,851669,424747,426922,122266,61744,60522,48844,24317,24527,530378,262731,267647,495415,280656,214759,356254,144091,212163
22,402,00000,000000,0000,000000,DISTRICT,Jashpur ,Rural,176032,775677,386307,389370,112599,56808,55791,42138,21034,21104,501130,248560,252570,439818,250617,189201,335859,135690,200169
22,402,00000,000000,0000,000000,DISTRICT,Jashpur ,Urban,16538,75992,38440,37552,9667,4936,4731,6706,3283,3423,29248,14171,15077,55597,30039,25558,20395,8401,11994
22,403,00000,000000,0000,000000,DISTRICT,Raigarh,Total,367962,1493984,750278,743706,195069,100204,94865,224942,112111,112831,505609,250473,255136,951639,542756,408883,542345,207522,334823
22,403,00000,000000,0000,000000,DISTRICT,Raigarh,Rural,312800,1247682,623817,623865,164083,83971,80112,188059,93642,94417,475594,235465,240129,768151,441331,326820,479531,182486,297045
22,403,00000,000000,0000,000000,DISTRICT,Raigarh,Urban,55162,246302,126461,119841,30986,16233,14753,36883,18469,18414,30015,15008,15007,183488,101425,82063,62814,25036,37778
22,404,00000,000000,0000,000000,DISTRICT,Korba ,Total,280073,1206640,612915,593725,172016,87487,84529,124679,63446,61233,493559,246323,247236,748759,433391,315368,457881,179524,278357
22,404,00000,000000,0000,000000,DISTRICT,Korba ,Rural,180218,760350,381424,378926,115442,58275,57167,67843,34246,33597,434129,216320,217809,422750,249864,172886,337600,131560,206040
22,404,00000,000000,0000,000000,DISTRICT,Korba ,Urban,99855,446290,231491,214799,56574,29212,27362,56836,29200,27636,59430,30003,29427,326009,183527,142482,120281,47964,72317
22,405,00000,000000,0000,000000,DISTRICT,Janjgir - Champa,Total,364532,1619707,815717,803990,224218,114957,109261,397908,199633,198275,187196,93186,94010,1019634,593679,425955,600073,222038,378035
22,405,00000,000000,0000,000000,DISTRICT,Janjgir - Champa,Rural,316344,1394646,701401,693245,195052,99788,95264,357632,179467,178165,174887,87008,87879,859400,503744,355656,535246,197657,337589
22,405,00000,000000,0000,000000,DISTRICT,Janjgir - Champa,Urban,48188,225061,114316,110745,29166,15169,13997,40276,20166,20110,12309,6178,6131,160234,89935,70299,64827,24381,40446
22,406,00000,000000,0000,000000,DISTRICT,Bilaspur,Total,600822,2663629,1351574,1312055,407835,207995,199840,552992,281221,271771,498469,248172,250297,1596560,932474,664086,1067069,419100,647969
22,406,00000,000000,0000,000000,DISTRICT,Bilaspur,Rural,456635,1983759,1002520,981239,322460,163504,158956,456247,231864,224383,453120,225348,227772,1095487,656265,439222,888272,346255,542017
22,406,00000,000000,0000,000000,DISTRICT,Bilaspur,Urban,144187,679870,349054,330816,85375,44491,40884,96745,49357,47388,45349,22824,22525,501073,276209,224864,178797,72845,105952
22,407,00000,000000,0000,000000,DISTRICT,Kabeerdham,Total,178446,822526,412058,410468,141904,71571,70333,119798,60154,59644,167043,82597,84446,414167,248503,165664,408359,163555,244804
22,407,00000,000000,0000,000000,DISTRICT,Kabeerdham,Rural,159300,735131,367941,367190,128957,64914,64043,104474,52490,51984,159983,79123,80860,357301,216986,140315,377830,150955,226875
22,407,00000,000000,0000,000000,DISTRICT,Kabeerdham,Urban,19146,87395,44117,43278,12947,6657,6290,15324,7664,7660,7060,3474,3586,56866,31517,25349,30529,12600,17929
22,408,00000,000000,0000,000000,DISTRICT,Rajnandgaon,Total,318488,1537133,762855,774278,209575,105508,104067,156623,76979,79644,405194,198032,207162,1008379,561355,447024,528754,201500,327254
22,408,00000,000000,0000,000000,DISTRICT,Rajnandgaon,Rural,258688,1264621,626212,638409,177564,89103,88461,118079,58112,59967,385785,188600,197185,802926,451224,351702,461695,174988,286707
22,408,00000,000000,0000,000000,DISTRICT,Rajnandgaon,Urban,59800,272512,136643,135869,32011,16405,15606,38544,18867,19677,19409,9432,9977,205453,110131,95322,67059,26512,40547
22,409,00000,000000,0000,000000,DISTRICT,Durg,Total,701707,3343872,1682101,1661771,430536,219341,211195,458040,229067,228973,397416,196008,201408,2303378,1284612,1018766,1040494,397489,643005
22,409,00000,000000,0000,000000,DISTRICT,Durg,Rural,424294,2059107,1026152,1032955,282829,143385,139444,284513,141912,142601,317955,155925,162030,1330153,752220,577933,728954,273932,455022
22,409,00000,000000,0000,000000,DISTRICT,Durg,Urban,277413,1284765,655949,628816,147707,75956,71751,173527,87155,86372,79461,40083,39378,973225,532392,440833,311540,123557,187983
22,410,00000,000000,0000,000000,DISTRICT,Raipur,Total,871225,4063872,2048186,2015686,583382,296441,286941,724250,362284,361966,476446,235271,241175,2629749,1493158,1136591,1434123,555028,879095
22,410,00000,000000,0000,000000,DISTRICT,Raipur,Rural,555578,2580583,1288567,1292016,387005,195416,191589,524846,262367,262479,407912,200597,207315,1545714,898298,647416,1034869,390269,644600
22,410,00000,000000,0000,000000,DISTRICT,Raipur,Urban,315647,1483289,759619,723670,196377,101025,95352,199404,99917,99487,68534,34674,33860,1084035,594860,489175,399254,164759,234495
22,411,00000,000000,0000,000000,DISTRICT,Mahasamund,Total,248561,1032754,511967,520787,134448,68207,66241,139581,68968,70613,279896,137339,142557,637963,364089,273874,394791,147878,246913
22,411,00000,000000,0000,000000,DISTRICT,Mahasamund,Rural,221535,912602,451691,460911,119269,60428,58841,120662,59686,60976,270124,132597,137527,552067,317171,234896,360535,134520,226015
22,411,00000,000000,0000,000000,DISTRICT,Mahasamund,Urban,27026,120152,60276,59876,15179,7779,7400,18919,9282,9637,9772,4742,5030,85896,46918,38978,34256,13358,20898
22,412,00000,000000,0000,000000,DISTRICT,Dhamtari ,Total,170951,799781,397897,401884,101909,51652,50257,58581,28887,29694,207633,102058,105575,546833,303924,242909,252948,93973,158975
22,412,00000,000000,0000,000000,DISTRICT,Dhamtari ,Rural,138455,650586,323420,327166,84459,42786,41673,45455,22495,22960,190463,93682,96781,435825,244050,191775,214761,79370,135391
22,412,00000,000000,0000,000000,DISTRICT,Dhamtari ,Urban,32496,149195,74477,74718,17450,8866,8584,13126,6392,6734,17170,8376,8794,111008,59874,51134,38187,14603,23584
22,413,00000,000000,0000,000000,DISTRICT,Uttar Bastar Kanker,Total,160937,748941,373338,375603,100099,50598,49501,31543,15582,15961,414770,203934,210836,456042,258298,197744,292899,115040,177859
22,413,00000,000000,0000,000000,DISTRICT,Uttar Bastar Kanker,Rural,143139,672180,335149,337031,91441,46191,45250,26043,12899,13144,395978,194974,201004,396859,227063,169796,275321,108086,167235
22,413,00000,000000,0000,000000,DISTRICT,Uttar Bastar Kanker,Urban,17798,76761,38189,38572,8658,4407,4251,5500,2683,2817,18792,8960,9832,59183,31235,27948,17578,6954,10624
22,414,00000,000000,0000,000000,DISTRICT,Bastar,Total,311538,1413199,698487,714712,216713,108662,108051,37963,18815,19148,931780,456841,474939,650863,382335,268528,762336,316152,446184
22,414,00000,000000,0000,000000,DISTRICT,Bastar,Rural,268258,1219705,600652,619053,194321,97079,97242,25881,12839,13042,880221,431157,449064,511057,305898,205159,708648,294754,413894
22,414,00000,000000,0000,000000,DISTRICT,Bastar,Urban,43280,193494,97835,95659,22392,11583,10809,12082,5976,6106,51559,25684,25875,139806,76437,63369,53688,21398,32290
22,415,00000,000000,0000,000000,DISTRICT,Narayanpur,Total,27982,139820,70104,69716,23358,11744,11614,4979,2518,2461,108161,53518,54643,56621,33449,23172,83199,36655,46544
22,415,00000,000000,0000,000000,DISTRICT,Narayanpur,Rural,23068,117714,58653,59061,20823,10432,10391,3803,1918,1885,97372,47933,49439,40467,24246,16221,77247,34407,42840
22,415,00000,000000,0000,000000,DISTRICT,Narayanpur,Urban,4914,22106,11451,10655,2535,1312,1223,1176,600,576,10789,5585,5204,16154,9203,6951,5952,2248,3704
22,416,00000,000000,0000,000000,DISTRICT,Dakshin Bastar Dantewada,Total,120850,533638,264142,269496,79637,39718,39919,12996,6648,6348,410255,199731,210524,191237,116529,74708,342401,147613,194788
22,416,00000,000000,0000,000000,DISTRICT,Dakshin Bastar Dantewada,Rural,98275,437405,213930,223475,67372,33524,33848,4239,2226,2013,375708,181872,193836,125381,78765,46616,312024,135165,176859
22,416,00000,000000,0000,000000,DISTRICT,Dakshin Bastar Dantewada,Urban,22575,96233,50212,46021,12265,6194,6071,8757,4422,4335,34547,17859,16688,65856,37764,28092,30377,12448,17929
22,417,00000,000000,0000,000000,DISTRICT,Bijapur,Total,54757,255230,128663,126567,42495,21488,21007,10122,5145,4977,204189,101519,102670,86919,54076,32843,168311,74587,93724
22,417,00000,000000,0000,000000,DISTRICT,Bijapur,Rural,48289,225630,113344,112286,38329,19317,19012,7567,3807,3760,188527,93764,94763,68046,43132,24914,157584,70212,87372
22,417,00000,000000,0000,000000,DISTRICT,Bijapur,Urban,6468,29600,15319,14281,4166,2171,1995,2555,1338,1217,15662,7755,7907,18873,10944,7929,10727,4375,6352
23,000,00000,000000,0000,000000,STATE,MADHYA PRADESH,Total,15093256,72626809,37612306,35014503,10809395,5636172,5173223,11342320,5908638,5433682,15316784,7719404,7597380,42851169,25174328,17676841,29775640,12437978,17337662
23,000,00000,000000,0000,000000,STATE,MADHYA PRADESH,Rural,11080278,52557404,27149388,25408016,8325731,4329993,3995738,8268002,4311490,3956512,14276874,7187769,7089105,28281986,17054982,11227004,24275418,10094406,14181012
23,000,00000,000000,0000,000000,STATE,MADHYA PRADESH,Urban,4012978,20069405,10462918,9606487,2483664,1306179,1177485,3074318,1597148,1477170,1039910,531635,508275,14569183,8119346,6449837,5500222,2343572,3156650
23,418,00000,000000,0000,000000,DISTRICT,Sheopur ,Total,146043,687861,361784,326077,116639,61490,55149,108391,57838,50553,161448,82637,78811,328025,208201,119824,359836,153583,206253
23,418,00000,000000,0000,000000,DISTRICT,Sheopur ,Rural,125522,580509,305360,275149,101213,53362,47851,91800,49091,42709,157227,80403,76824,261053,168393,92660,319456,136967,182489
23,418,00000,000000,0000,000000,DISTRICT,Sheopur ,Urban,20521,107352,56424,50928,15426,8128,7298,16591,8747,7844,4221,2234,1987,66972,39808,27164,40380,16616,23764
23,419,00000,000000,0000,000000,DISTRICT,Morena,Total,362646,1965970,1068417,897553,305156,166858,138298,421519,228548,192971,17030,8947,8083,1179685,747652,432033,786285,320765,465520
23,419,00000,000000,0000,000000,DISTRICT,Morena,Rural,284541,1495508,815218,680290,239309,130850,108459,321530,174854,146676,14362,7524,6838,865686,558748,306938,629822,256470,373352
23,419,00000,000000,0000,000000,DISTRICT,Morena,Urban,78105,470462,253199,217263,65847,36008,29839,99989,53694,46295,2668,1423,1245,313999,188904,125095,156463,64295,92168
23,420,00000,000000,0000,000000,DISTRICT,Bhind,Total,299233,1703005,926843,776162,248230,134705,113525,374799,204212,170587,6131,3283,2848,1094917,676513,418404,608088,250330,357758
23,420,00000,000000,0000,000000,DISTRICT,Bhind,Rural,226671,1270083,694756,575327,189328,102840,86488,284499,155669,128830,1425,758,667,800035,501892,298143,470048,192864,277184
23,420,00000,000000,0000,000000,DISTRICT,Bhind,Urban,72562,432922,232087,200835,58902,31865,27037,90300,48543,41757,4706,2525,2181,294882,174621,120261,138040,57466,80574
23,421,00000,000000,0000,000000,DISTRICT,Gwalior,Total,383845,2032036,1090327,941709,261418,142098,119320,393068,210354,182714,72133,37704,34429,1357210,803114,554096,674826,287213,387613
23,421,00000,000000,0000,000000,DISTRICT,Gwalior,Rural,144494,758244,409349,348895,114953,62354,52599,161091,86564,74527,54777,28381,26396,419361,267017,152344,338883,142332,196551
23,421,00000,000000,0000,000000,DISTRICT,Gwalior,Urban,239351,1273792,680978,592814,146465,79744,66721,231977,123790,108187,17356,9323,8033,937849,536097,401752,335943,144881,191062
23,422,00000,000000,0000,000000,DISTRICT,Datia,Total,160215,786754,420157,366597,110114,59335,50779,200270,107132,93138,15061,7870,7191,491445,303815,187630,295309,116342,178967
23,422,00000,000000,0000,000000,DISTRICT,Datia,Rural,126017,604772,323966,280806,86717,46768,39949,164777,88263,76514,10889,5712,5177,365567,230901,134666,239205,93065,146140
23,422,00000,000000,0000,000000,DISTRICT,Datia,Urban,34198,181982,96191,85791,23397,12567,10830,35493,18869,16624,4172,2158,2014,125878,72914,52964,56104,23277,32827
23,423,00000,000000,0000,000000,DISTRICT,Shivpuri,Total,359969,1726050,919795,806255,285770,150950,134820,321515,171565,149950,227802,117111,110691,900846,573242,327604,825204,346553,478651
23,423,00000,000000,0000,000000,DISTRICT,Shivpuri,Rural,304287,1430627,763554,667073,245774,129712,116062,273869,146477,127392,219140,112698,106442,703640,458705,244935,726987,304849,422138
23,423,00000,000000,0000,000000,DISTRICT,Shivpuri,Urban,55682,295423,156241,139182,39996,21238,18758,47646,25088,22558,8662,4413,4249,197206,114537,82669,98217,41704,56513
23,424,00000,000000,0000,000000,DISTRICT,Tikamgarh,Total,296116,1445166,760355,684811,227564,120303,107261,361604,190666,170938,67857,34923,32934,747940,459353,288587,697226,301002,396224
23,424,00000,000000,0000,000000,DISTRICT,Tikamgarh,Rural,249777,1195293,629477,565816,193219,102120,91099,308062,162474,145588,61540,31648,29892,586993,366751,220242,608300,262726,345574
23,424,00000,000000,0000,000000,DISTRICT,Tikamgarh,Urban,46339,249873,130878,118995,34345,18183,16162,53542,28192,25350,6317,3275,3042,160947,92602,68345,88926,38276,50650
23,425,00000,000000,0000,000000,DISTRICT,Chhatarpur,Total,356297,1762375,936121,826254,282794,148861,133933,405313,215258,190055,73597,38081,35516,943033,572010,371023,819342,364111,455231
23,425,00000,000000,0000,000000,DISTRICT,Chhatarpur,Rural,281870,1363359,725273,638086,228834,120252,108582,334176,177720,156456,68928,35622,33306,671558,416937,254621,691801,308336,383465
23,425,00000,000000,0000,000000,DISTRICT,Chhatarpur,Urban,74427,399016,210848,188168,53960,28609,25351,71137,37538,33599,4669,2459,2210,271475,155073,116402,127541,55775,71766
23,426,00000,000000,0000,000000,DISTRICT,Panna,Total,228709,1016520,533480,483040,163620,85494,78126,207990,109421,98569,170879,87697,83182,552559,332140,220419,463961,201340,262621
23,426,00000,000000,0000,000000,DISTRICT,Panna,Rural,203539,891185,467473,423712,147739,77201,70538,184883,97285,87598,164136,84196,79940,465466,282573,182893,425719,184900,240819
23,426,00000,000000,0000,000000,DISTRICT,Panna,Urban,25170,125335,66007,59328,15881,8293,7588,23107,12136,10971,6743,3501,3242,87093,49567,37526,38242,16440,21802
23,427,00000,000000,0000,000000,DISTRICT,Sagar,Total,517850,2378458,1256257,1122201,356903,185400,171503,501630,266306,235324,221936,114771,107165,1545719,908607,637112,832739,347650,485089
23,427,00000,000000,0000,000000,DISTRICT,Sagar,Rural,379437,1669662,884133,785529,265661,138138,127523,349843,186321,163522,208315,107661,100654,1011982,610355,401627,657680,273778,383902
23,427,00000,000000,0000,000000,DISTRICT,Sagar,Urban,138413,708796,372124,336672,91242,47262,43980,151787,79985,71802,13621,7110,6511,533737,298252,235485,175059,73872,101187
23,428,00000,000000,0000,000000,DISTRICT,Damoh,Total,297608,1264219,661873,602346,191968,99544,92424,246337,129877,116460,166295,84809,81486,747715,445737,301978,516504,216136,300368
23,428,00000,000000,0000,000000,DISTRICT,Damoh,Rural,245928,1013668,530471,483197,159999,82799,77200,195673,103224,92449,160453,81796,78657,564140,342733,221407,449528,187738,261790
23,428,00000,000000,0000,000000,DISTRICT,Damoh,Urban,51680,250551,131402,119149,31969,16745,15224,50664,26653,24011,5842,3013,2829,183575,103004,80571,66976,28398,38578
23,429,00000,000000,0000,000000,DISTRICT,Satna,Total,478741,2228935,1157495,1071440,330661,173093,157568,398569,205987,192582,319975,163166,156809,1371781,801051,570730,857154,356444,500710
23,429,00000,000000,0000,000000,DISTRICT,Satna,Rural,385786,1754517,907904,846613,271421,141919,129502,320757,165704,155053,298980,152363,146617,1029244,607280,421964,725273,300624,424649
23,429,00000,000000,0000,000000,DISTRICT,Satna,Urban,92955,474418,249591,224827,59240,31174,28066,77812,40283,37529,20995,10803,10192,342537,193771,148766,131881,55820,76061
23,430,00000,000000,0000,000000,DISTRICT,Rewa,Total,526065,2365106,1225100,1140006,351983,186697,165286,383508,198144,185364,311985,161696,150289,1441757,845572,596185,923349,379528,543821
23,430,00000,000000,0000,000000,DISTRICT,Rewa,Rural,450297,1969321,1017839,951482,303761,160943,142818,334878,172785,162093,286278,148251,138027,1156917,684319,472598,812404,333520,478884
23,430,00000,000000,0000,000000,DISTRICT,Rewa,Urban,75768,395785,207261,188524,48222,25754,22468,48630,25359,23271,25707,13445,12262,284840,161253,123587,110945,46008,64937
23,431,00000,000000,0000,000000,DISTRICT,Umaria,Total,145024,644758,330674,314084,103414,53237,50177,58147,29902,28245,300687,151988,148699,356672,210907,145765,288086,119767,168319
23,431,00000,000000,0000,000000,DISTRICT,Umaria,Rural,121241,534214,273064,261150,89929,46241,43688,45117,23089,22028,274774,138906,135868,279642,166849,112793,254572,106215,148357
23,431,00000,000000,0000,000000,DISTRICT,Umaria,Urban,23783,110544,57610,52934,13485,6996,6489,13030,6813,6217,25913,13082,12831,77030,44058,32972,33514,13552,19962
23,432,00000,000000,0000,000000,DISTRICT,Neemuch ,Total,179746,826067,422653,403414,107384,55724,51660,111162,56400,54762,71441,36738,34703,508834,307889,200945,317233,114764,202469
23,432,00000,000000,0000,000000,DISTRICT,Neemuch ,Rural,131201,580837,295013,285824,78184,40468,37716,79193,39997,39196,62901,32214,30687,330646,206269,124377,250191,88744,161447
23,432,00000,000000,0000,000000,DISTRICT,Neemuch ,Urban,48545,245230,127640,117590,29200,15256,13944,31969,16403,15566,8540,4524,4016,178188,101620,76568,67042,26020,41022
23,433,00000,000000,0000,000000,DISTRICT,Mandsaur,Total,286808,1340411,682851,657560,177659,92188,85471,249024,126822,122202,33092,17023,16069,834591,502898,331693,505820,179953,325867
23,433,00000,000000,0000,000000,DISTRICT,Mandsaur,Rural,230413,1062807,540987,521820,144814,75122,69692,218175,111292,106883,28643,14751,13892,629734,389057,240677,433073,151930,281143
23,433,00000,000000,0000,000000,DISTRICT,Mandsaur,Urban,56395,277604,141864,135740,32845,17066,15779,30849,15530,15319,4449,2272,2177,204857,113841,91016,72747,28023,44724
23,434,00000,000000,0000,000000,DISTRICT,Ratlam,Total,296683,1455069,738241,716828,218354,112637,105717,198612,100629,97983,409865,206290,203575,825880,485090,340790,629189,253151,376038
23,434,00000,000000,0000,000000,DISTRICT,Ratlam,Rural,211854,1020038,516468,503570,166351,85789,80562,151828,76926,74902,387743,194869,192874,507104,311054,196050,512934,205414,307520
23,434,00000,000000,0000,000000,DISTRICT,Ratlam,Urban,84829,435031,221773,213258,52003,26848,25155,46784,23703,23081,22122,11421,10701,318776,174036,144740,116255,47737,68518
23,435,00000,000000,0000,000000,DISTRICT,Ujjain,Total,391438,1986864,1016289,970575,271306,140597,130709,523869,267235,256634,48730,24925,23805,1240990,730817,510173,745874,285472,460402
23,435,00000,000000,0000,000000,DISTRICT,Ujjain,Rural,238950,1207651,616353,591298,179161,92643,86518,375705,191518,184187,33656,17233,16423,671383,416991,254392,536268,199362,336906
23,435,00000,000000,0000,000000,DISTRICT,Ujjain,Urban,152488,779213,399936,379277,92145,47954,44191,148164,75717,72447,15074,7692,7382,569607,313826,255781,209606,86110,123496
23,436,00000,000000,0000,000000,DISTRICT,Shajapur,Total,300025,1512681,780520,732161,217759,113404,104355,353914,182961,170953,37836,19416,18420,894612,543509,351103,618069,237011,381058
23,436,00000,000000,0000,000000,DISTRICT,Shajapur,Rural,244243,1219133,629273,589860,178681,93056,85625,312523,161692,150831,34226,17600,16626,690374,427370,263004,528759,201903,326856
23,436,00000,000000,0000,000000,DISTRICT,Shajapur,Urban,55782,293548,151247,142301,39078,20348,18730,41391,21269,20122,3610,1816,1794,204238,116139,88099,89310,35108,54202
23,437,00000,000000,0000,000000,DISTRICT,Dewas,Total,308871,1563715,805359,758356,229339,119566,109773,292007,150260,141747,272701,139174,133527,925369,550716,374653,638346,254643,383703
23,437,00000,000000,0000,000000,DISTRICT,Dewas,Rural,221276,1111956,571720,540236,171150,89011,82139,214408,110249,104159,247061,126064,120997,604294,369959,234335,507662,201761,305901
23,437,00000,000000,0000,000000,DISTRICT,Dewas,Urban,87595,451759,233639,218120,58189,30555,27634,77599,40011,37588,25640,13110,12530,321075,180757,140318,130684,52882,77802
23,438,00000,000000,0000,000000,DISTRICT,Dhar,Total,425914,2185793,1112725,1073068,359949,186684,173265,145436,74291,71145,1222814,614619,608195,1077338,638479,438859,1108455,474246,634209
23,438,00000,000000,0000,000000,DISTRICT,Dhar,Rural,339173,1772572,895113,877459,300042,155148,144894,109481,55518,53963,1142263,573746,568517,796473,477831,318642,976099,417282,558817
23,438,00000,000000,0000,000000,DISTRICT,Dhar,Urban,86741,413221,217612,195609,59907,31536,28371,35955,18773,17182,80551,40873,39678,280865,160648,120217,132356,56964,75392
23,439,00000,000000,0000,000000,DISTRICT,Indore,Total,649540,3276697,1699627,1577070,421380,221612,199768,545239,280184,265055,217679,112687,104992,2309130,1289631,1019499,967567,409996,557571
23,439,00000,000000,0000,000000,DISTRICT,Indore,Rural,159400,848988,436755,412233,124904,65330,59574,164465,83900,80565,134702,69227,65475,499137,299899,199238,349851,136856,212995
23,439,00000,000000,0000,000000,DISTRICT,Indore,Urban,490140,2427709,1262872,1164837,296476,156282,140194,380774,196284,184490,82977,43460,39517,1809993,989732,820261,617716,273140,344576
23,440,00000,000000,0000,000000,DISTRICT,Khargone (West Nimar),Total,367988,1873046,953121,919925,299990,154758,145232,209091,107013,102078,730169,366827,363342,986234,575428,410806,886812,377693,509119
23,440,00000,000000,0000,000000,DISTRICT,Khargone (West Nimar),Rural,309315,1574190,799396,774794,261527,134532,126995,177708,90912,86796,700953,352144,348809,772789,457771,315018,801401,341625,459776
23,440,00000,000000,0000,000000,DISTRICT,Khargone (West Nimar),Urban,58673,298856,153725,145131,38463,20226,18237,31383,16101,15282,29216,14683,14533,213445,117657,95788,85411,36068,49343
23,441,00000,000000,0000,000000,DISTRICT,Barwani ,Total,243277,1385881,699340,686541,265299,136212,129087,87991,44478,43513,962145,482182,479963,549926,313642,236284,835955,385698,450257
23,441,00000,000000,0000,000000,DISTRICT,Barwani ,Rural,204644,1181812,594907,586905,237316,121431,115885,64344,32479,31865,925650,463463,462187,413152,238262,174890,768660,356645,412015
23,441,00000,000000,0000,000000,DISTRICT,Barwani ,Urban,38633,204069,104433,99636,27983,14781,13202,23647,11999,11648,36495,18719,17776,136774,75380,61394,67295,29053,38242
23,442,00000,000000,0000,000000,DISTRICT,Rajgarh,Total,345297,1545814,790212,755602,231987,120815,111172,295718,151260,144458,53751,27477,26274,804245,488797,315448,741569,301415,440154
23,442,00000,000000,0000,000000,DISTRICT,Rajgarh,Rural,292018,1269357,648407,620950,193193,100462,92731,249329,127721,121608,48668,24827,23841,620313,384594,235719,649044,263813,385231
23,442,00000,000000,0000,000000,DISTRICT,Rajgarh,Urban,53279,276457,141805,134652,38794,20353,18441,46389,23539,22850,5083,2650,2433,183932,104203,79729,92525,37602,54923
23,443,00000,000000,0000,000000,DISTRICT,Vidisha,Total,299676,1458875,769568,689307,235391,122200,113191,292144,154504,137640,67603,34993,32610,862918,512344,350574,595957,257224,338733
23,443,00000,000000,0000,000000,DISTRICT,Vidisha,Rural,232163,1119257,591962,527295,188854,97964,90890,237791,126119,111672,63134,32668,30466,624193,379182,245011,495064,212780,282284
23,443,00000,000000,0000,000000,DISTRICT,Vidisha,Urban,67513,339618,177606,162012,46537,24236,22301,54353,28385,25968,4469,2325,2144,238725,133162,105563,100893,44444,56449
23,444,00000,000000,0000,000000,DISTRICT,Bhopal,Total,501805,2371061,1236130,1134931,304713,158721,145992,357516,185902,171614,69429,35966,33463,1660690,920314,740376,710371,315816,394555
23,444,00000,000000,0000,000000,DISTRICT,Bhopal,Rural,93058,454010,238025,215985,73163,37990,35173,95945,50342,45603,19124,9916,9208,254810,153144,101666,199200,84881,114319
23,444,00000,000000,0000,000000,DISTRICT,Bhopal,Urban,408747,1917051,998105,918946,231550,120731,110819,261571,135560,126011,50305,26050,24255,1405880,767170,638710,511171,230935,280236
23,445,00000,000000,0000,000000,DISTRICT,Sehore,Total,257311,1311332,683743,627589,197429,103240,94189,271281,141366,129915,145512,74391,71121,780362,469208,311154,530970,214535,316435
23,445,00000,000000,0000,000000,DISTRICT,Sehore,Rural,210468,1062870,554636,508234,165220,86369,78851,231398,120906,110492,137928,70324,67604,603846,370658,233188,459024,183978,275046
23,445,00000,000000,0000,000000,DISTRICT,Sehore,Urban,46843,248462,129107,119355,32209,16871,15338,39883,20460,19423,7584,4067,3517,176516,98550,77966,71946,30557,41389
23,446,00000,000000,0000,000000,DISTRICT,Raisen,Total,278895,1331597,700358,631239,207699,107499,100200,225891,119226,106665,205006,105627,99379,820220,479093,341127,511377,221265,290112
23,446,00000,000000,0000,000000,DISTRICT,Raisen,Rural,215979,1028172,539960,488212,164550,85017,79533,183615,96859,86756,190082,97795,92287,607949,358832,249117,420223,181128,239095
23,446,00000,000000,0000,000000,DISTRICT,Raisen,Urban,62916,303425,160398,143027,43149,22482,20667,42276,22367,19909,14924,7832,7092,212271,120261,92010,91154,40137,51017
23,447,00000,000000,0000,000000,DISTRICT,Betul,Total,329832,1575362,799236,776126,211433,108034,103399,159296,81621,77675,667018,333166,333852,939769,529783,409986,635593,269453,366140
23,447,00000,000000,0000,000000,DISTRICT,Betul,Rural,261879,1266211,640358,625853,178470,91050,87420,107791,55268,52523,638348,318925,319423,700098,400175,299923,566113,240183,325930
23,447,00000,000000,0000,000000,DISTRICT,Betul,Urban,67953,309151,158878,150273,32963,16984,15979,51505,26353,25152,28670,14241,14429,239671,129608,110063,69480,29270,40210
23,448,00000,000000,0000,000000,DISTRICT,Harda ,Total,113379,570465,294838,275627,84191,43667,40524,92865,48553,44312,159678,81446,78232,352550,203807,148743,217915,91031,126884
23,448,00000,000000,0000,000000,DISTRICT,Harda ,Rural,89743,451101,233312,217789,69504,36012,33492,73519,38545,34974,153583,78456,75127,261229,154040,107189,189872,79272,110600
23,448,00000,000000,0000,000000,DISTRICT,Harda ,Urban,23636,119364,61526,57838,14687,7655,7032,19346,10008,9338,6095,2990,3105,91321,49767,41554,28043,11759,16284
23,449,00000,000000,0000,000000,DISTRICT,Hoshangabad,Total,257199,1241350,648725,592625,164602,85781,78821,205007,107237,97770,197300,101041,96259,810644,469199,341445,430706,179526,251180
23,449,00000,000000,0000,000000,DISTRICT,Hoshangabad,Rural,175529,851364,445062,406302,120738,62809,57929,138650,72832,65818,175876,90086,85790,510211,303089,207122,341153,141973,199180
23,449,00000,000000,0000,000000,DISTRICT,Hoshangabad,Urban,81670,389986,203663,186323,43864,22972,20892,66357,34405,31952,21424,10955,10469,300433,166110,134323,89553,37553,52000
23,450,00000,000000,0000,000000,DISTRICT,Katni ,Total,289551,1292042,662013,630029,193395,99761,93634,155717,79369,76348,317699,159799,157900,790773,460583,330190,501269,201430,299839
23,450,00000,000000,0000,000000,DISTRICT,Katni ,Rural,233122,1028499,525188,503311,162016,83220,78796,121924,62077,59847,296037,148907,147130,592952,351840,241112,435547,173348,262199
23,450,00000,000000,0000,000000,DISTRICT,Katni ,Urban,56429,263543,136825,126718,31379,16541,14838,33793,17292,16501,21662,10892,10770,197821,108743,89078,65722,28082,37640
23,451,00000,000000,0000,000000,DISTRICT,Jabalpur,Total,539060,2463289,1277278,1186011,296565,154210,142355,348029,179858,168171,375231,189915,185316,1756468,980307,776161,706821,296971,409850
23,451,00000,000000,0000,000000,DISTRICT,Jabalpur,Rural,237398,1023255,527031,496224,141756,73183,68573,138878,71893,66985,294787,148536,146251,637824,371345,266479,385431,155686,229745
23,451,00000,000000,0000,000000,DISTRICT,Jabalpur,Urban,301662,1440034,750247,689787,154809,81027,73782,209151,107965,101186,80444,41379,39065,1118644,608962,509682,321390,141285,180105
23,452,00000,000000,0000,000000,DISTRICT,Narsimhapur,Total,250286,1091854,568810,523044,142250,74445,67805,184155,96079,88076,145879,74127,71752,718785,413491,305294,373069,155319,217750
23,452,00000,000000,0000,000000,DISTRICT,Narsimhapur,Rural,206225,888314,462699,425615,119361,62300,57061,153789,80330,73459,135056,68576,66480,562087,327734,234353,326227,134965,191262
23,452,00000,000000,0000,000000,DISTRICT,Narsimhapur,Urban,44061,203540,106111,97429,22889,12145,10744,30366,15749,14617,10823,5551,5272,156698,85757,70941,46842,20354,26488
23,453,00000,000000,0000,000000,DISTRICT,Dindori ,Total,169630,704524,351913,352611,111820,56767,55053,39782,20366,19416,455789,225699,230090,378714,222759,155955,325810,129154,196656
23,453,00000,000000,0000,000000,DISTRICT,Dindori ,Rural,162220,672206,335393,336813,107702,54706,52996,37813,19384,18429,448420,221979,226441,354842,209532,145310,317364,125861,191503
23,453,00000,000000,0000,000000,DISTRICT,Dindori ,Urban,7410,32318,16520,15798,4118,2061,2057,1969,982,987,7369,3720,3649,23872,13227,10645,8446,3293,5153
23,454,00000,000000,0000,000000,DISTRICT,Mandla,Total,250146,1054905,525272,529633,150263,76288,73975,48425,24652,23773,610528,299918,310610,604962,348033,256929,449943,177239,272704
23,454,00000,000000,0000,000000,DISTRICT,Mandla,Rural,220815,924716,459151,465565,136223,68942,67281,36205,18450,17755,590435,290016,300419,503725,293753,209972,420991,165398,255593
23,454,00000,000000,0000,000000,DISTRICT,Mandla,Urban,29331,130189,66121,64068,14040,7346,6694,12220,6202,6018,20093,9902,10191,101237,54280,46957,28952,11841,17111
23,455,00000,000000,0000,000000,DISTRICT,Chhindwara,Total,443361,2090922,1064468,1026454,272289,139220,133069,232244,118465,113779,769778,385785,383993,1294198,731294,562904,796724,333174,463550
23,455,00000,000000,0000,000000,DISTRICT,Chhindwara,Rural,333149,1585739,806199,779540,217696,111228,106468,158112,80981,77131,713572,357724,355848,907838,522433,385405,677901,283766,394135
23,455,00000,000000,0000,000000,DISTRICT,Chhindwara,Urban,110212,505183,258269,246914,54593,27992,26601,74132,37484,36648,56206,28061,28145,386360,208861,177499,118823,49408,69415
23,456,00000,000000,0000,000000,DISTRICT,Seoni,Total,314767,1379131,695879,683252,180784,92567,88217,130797,66830,63967,519856,258121,261735,864194,485341,378853,514937,210538,304399
23,456,00000,000000,0000,000000,DISTRICT,Seoni,Rural,278250,1215241,612314,602927,162978,83218,79760,112436,57463,54973,505730,251239,254491,734368,416105,318263,480873,196209,284664
23,456,00000,000000,0000,000000,DISTRICT,Seoni,Urban,36517,163890,83565,80325,17806,9349,8457,18361,9367,8994,14126,6882,7244,129826,69236,60590,34064,14329,19735
23,457,00000,000000,0000,000000,DISTRICT,Balaghat,Total,391836,1701698,842178,859520,212931,108278,104653,125426,61576,63850,383026,186979,196047,1147623,626468,521155,554075,215710,338365
23,457,00000,000000,0000,000000,DISTRICT,Balaghat,Rural,337369,1456882,719794,737088,186683,94690,91993,99608,48756,50852,346461,169216,177245,960218,527089,433129,496664,192705,303959
23,457,00000,000000,0000,000000,DISTRICT,Balaghat,Urban,54467,244816,122384,122432,26248,13588,12660,25818,12820,12998,36565,17763,18802,187405,99379,88026,57411,23005,34406
23,458,00000,000000,0000,000000,DISTRICT,Guna,Total,244401,1241519,649362,592157,207177,108473,98704,193115,100646,92469,190819,98206,92613,653980,400537,253443,587539,248825,338714
23,458,00000,000000,0000,000000,DISTRICT,Guna,Rural,185041,928844,486127,442717,162565,84946,77619,142818,74562,68256,181678,93432,88246,447170,281493,165677,481674,204634,277040
23,458,00000,000000,0000,000000,DISTRICT,Guna,Urban,59360,312675,163235,149440,44612,23527,21085,50297,26084,24213,9141,4774,4367,206810,119044,87766,105865,44191,61674
23,459,00000,000000,0000,000000,DISTRICT,Ashoknagar,Total,172680,845071,443837,401234,138787,72239,66548,175764,92216,83548,82072,42447,39625,469109,290304,178805,375962,153533,222429
23,459,00000,000000,0000,000000,DISTRICT,Ashoknagar,Rural,142794,691387,363411,327976,116890,60811,56079,149988,78784,71204,77631,40140,37491,366314,230726,135588,325073,132685,192388
23,459,00000,000000,0000,000000,DISTRICT,Ashoknagar,Urban,29886,153684,80426,73258,21897,11428,10469,25776,13432,12344,4441,2307,2134,102795,59578,43217,50889,20848,30041
23,460,00000,000000,0000,000000,DISTRICT,Shahdol,Total,251452,1066063,540021,526042,159806,81943,77863,89733,45547,44186,476008,236947,239061,604194,348761,255433,461869,191260,270609
23,460,00000,000000,0000,000000,DISTRICT,Shahdol,Rural,205268,846463,426583,419880,134299,68686,65613,69764,35351,34413,447402,222807,224595,442701,259031,183670,403762,167552,236210
23,460,00000,000000,0000,000000,DISTRICT,Shahdol,Urban,46184,219600,113438,106162,25507,13257,12250,19969,10196,9773,28606,14140,14466,161493,89730,71763,58107,23708,34399
23,461,00000,000000,0000,000000,DISTRICT,Anuppur,Total,170715,749237,379114,370123,106071,54388,51683,74385,37841,36544,358543,177977,180566,436595,254120,182475,312642,124994,187648
23,461,00000,000000,0000,000000,DISTRICT,Anuppur,Rural,126851,543996,272030,271966,82311,42018,40293,49977,25180,24797,317627,157363,160264,290893,170653,120240,253103,101377,151726
23,461,00000,000000,0000,000000,DISTRICT,Anuppur,Urban,43864,205241,107084,98157,23760,12370,11390,24408,12661,11747,40916,20614,20302,145702,83467,62235,59539,23617,35922
23,462,00000,000000,0000,000000,DISTRICT,Sidhi,Total,238448,1127033,575912,551121,194528,101633,92895,130202,66174,64028,313304,159192,154112,600785,353030,247755,526248,222882,303366
23,462,00000,000000,0000,000000,DISTRICT,Sidhi,Rural,220074,1033912,527378,506534,181480,94723,86757,120372,61138,59234,302717,153570,149147,537755,317149,220606,496157,210229,285928
23,462,00000,000000,0000,000000,DISTRICT,Sidhi,Urban,18374,93121,48534,44587,13048,6910,6138,9830,5036,4794,10587,5622,4965,63030,35881,27149,30091,12653,17438
23,463,00000,000000,0000,000000,DISTRICT,Singrauli,Total,243925,1178273,613637,564636,209792,109094,100698,150664,77882,72782,383994,196133,187861,585054,359923,225131,593219,253714,339505
23,463,00000,000000,0000,000000,DISTRICT,Singrauli,Rural,197902,951487,493324,458163,178988,92875,86113,120460,62171,58289,361302,184364,176938,437064,272515,164549,514423,220809,293614
23,463,00000,000000,0000,000000,DISTRICT,Singrauli,Urban,46023,226786,120313,106473,30804,16219,14585,30204,15711,14493,22692,11769,10923,147990,87408,60582,78796,32905,45891
23,464,00000,000000,0000,000000,DISTRICT,Jhabua,Total,194157,1025048,515023,510025,211869,109040,102829,17427,8770,8657,891818,446359,445459,352081,214582,137499,672967,300441,372526
23,464,00000,000000,0000,000000,DISTRICT,Jhabua,Rural,175934,933065,467468,465597,198754,102214,96540,11397,5724,5673,861498,430617,430881,286231,177981,108250,646834,289487,357347
23,464,00000,000000,0000,000000,DISTRICT,Jhabua,Urban,18223,91983,47555,44428,13115,6826,6289,6030,3046,2984,30320,15742,14578,65850,36601,29249,26133,10954,15179
23,465,00000,000000,0000,000000,DISTRICT,Alirajpur,Total,123800,728999,362542,366457,147961,74818,73143,26877,13481,13396,648638,321842,326796,209754,120905,88849,519245,241637,277608
23,465,00000,000000,0000,000000,DISTRICT,Alirajpur,Rural,113129,671925,333593,338332,139536,70536,69000,23503,11776,11727,627835,311307,316528,170812,99574,71238,501113,234019,267094
23,465,00000,000000,0000,000000,DISTRICT,Alirajpur,Urban,10671,57074,28949,28125,8425,4282,4143,3374,1705,1669,20803,10535,10268,38942,21331,17611,18132,7618,10514
23,466,00000,000000,0000,000000,DISTRICT,Khandwa (East Nimar),Total,266655,1310061,674329,635732,208140,107730,100410,156601,80697,75904,459122,234867,224255,731615,432259,299356,578446,242070,336376
23,466,00000,000000,0000,000000,DISTRICT,Khandwa (East Nimar),Rural,216182,1050625,541183,509442,174888,90364,84524,122463,63348,59115,440789,225411,215378,540989,328903,212086,509636,212280,297356
23,466,00000,000000,0000,000000,DISTRICT,Khandwa (East Nimar),Urban,50473,259436,133146,126290,33252,17366,15886,34138,17349,16789,18333,9456,8877,190626,103356,87270,68810,29790,39020
23,467,00000,000000,0000,000000,DISTRICT,Burhanpur,Total,146341,757847,388504,369343,122869,63874,58995,64254,33037,31217,230095,116420,113675,408679,233073,175606,349168,155431,193737
23,467,00000,000000,0000,000000,DISTRICT,Burhanpur,Rural,97842,497560,254978,242582,87926,45631,42295,41672,21527,20145,222132,112338,109794,229184,135496,93688,268376,119482,148894
23,467,00000,000000,0000,000000,DISTRICT,Burhanpur,Urban,48499,260287,133526,126761,34943,18243,16700,22582,11510,11072,7963,4082,3881,179495,97577,81918,80792,35949,44843
24,000,00000,000000,0000,000000,STATE,GUJARAT,Total,12248428,60439692,31491260,28948432,7777262,4115384,3661878,4074447,2110331,1964116,8917174,4501389,4415785,41093358,23474873,17618485,19346334,8016387,11329947
24,000,00000,000000,0000,000000,STATE,GUJARAT,Rural,6773558,34694609,17799159,16895450,4824903,2521455,2303448,2281573,1176107,1105466,8021848,4042691,3979157,21420842,12467643,8953199,13273767,5331516,7942251
24,000,00000,000000,0000,000000,STATE,GUJARAT,Urban,5474870,25745083,13692101,12052982,2952359,1593929,1358430,1792874,934224,858650,895326,458698,436628,19672516,11007230,8665286,6072567,2684871,3387696
24,468,00000,000000,0000,000000,DISTRICT,Kachchh,Total,445672,2092371,1096737,995634,318412,165739,152673,258859,133224,125635,24228,12825,11403,1252319,739239,513080,840052,357498,482554
24,468,00000,000000,0000,000000,DISTRICT,Kachchh,Rural,286001,1363836,713524,650312,222543,115533,107010,170304,87247,83057,14287,7629,6658,740922,449185,291737,622914,264339,358575
24,468,00000,000000,0000,000000,DISTRICT,Kachchh,Urban,159671,728535,383213,345322,95869,50206,45663,88555,45977,42578,9941,5196,4745,511397,290054,221343,217138,93159,123979
24,469,00000,000000,0000,000000,DISTRICT,Banas Kantha,Total,560411,3120506,1610379,1510127,510310,268858,241452,327460,169288,158172,284155,144355,139800,1704923,1048402,656521,1415583,561977,853606
24,469,00000,000000,0000,000000,DISTRICT,Banas Kantha,Rural,478438,2705591,1393741,1311850,455406,239285,216121,287937,148611,139326,271055,137672,133383,1415564,881639,533925,1290027,512102,777925
24,469,00000,000000,0000,000000,DISTRICT,Banas Kantha,Urban,81973,414915,216638,198277,54904,29573,25331,39523,20677,18846,13100,6683,6417,289359,166763,122596,125556,49875,75681
24,470,00000,000000,0000,000000,DISTRICT,Patan  ,Total,267633,1343734,694397,649337,184779,97762,87017,123408,64190,59218,13303,6835,6468,837913,494631,343282,505821,199766,306055
24,470,00000,000000,0000,000000,DISTRICT,Patan  ,Rural,209082,1062653,548324,514329,153011,80705,72306,96923,50370,46553,6182,3189,2993,630617,378570,252047,432036,169754,262282
24,470,00000,000000,0000,000000,DISTRICT,Patan  ,Urban,58551,281081,146073,135008,31768,17057,14711,26485,13820,12665,7121,3646,3475,207296,116061,91235,73785,30012,43773
24,471,00000,000000,0000,000000,DISTRICT,Mahesana,Total,424479,2035064,1056520,978544,237932,129169,108763,162288,84470,77818,9392,4879,4513,1502645,847499,655146,532419,209021,323398
24,471,00000,000000,0000,000000,DISTRICT,Mahesana,Rural,316536,1520734,787175,733559,183974,99073,84901,118710,61672,57038,3144,1634,1510,1095809,623765,472044,424925,163410,261515
24,471,00000,000000,0000,000000,DISTRICT,Mahesana,Urban,107943,514330,269345,244985,53958,30096,23862,43578,22798,20780,6248,3245,3003,406836,223734,183102,107494,45611,61883
24,472,00000,000000,0000,000000,DISTRICT,Sabar Kantha,Total,481414,2428589,1244231,1184358,345490,181529,163961,187685,96527,91158,542156,272531,269625,1578734,918625,660109,849855,325606,524249
24,472,00000,000000,0000,000000,DISTRICT,Sabar Kantha,Rural,406039,2064869,1056141,1008728,301867,158074,143793,159214,81874,77340,520203,261131,259072,1307989,768505,539484,756880,287636,469244
24,472,00000,000000,0000,000000,DISTRICT,Sabar Kantha,Urban,75375,363720,188090,175630,43623,23455,20168,28471,14653,13818,21953,11400,10553,270745,150120,120625,92975,37970,55005
24,473,00000,000000,0000,000000,DISTRICT,Gandhinagar,Total,289990,1391753,723864,667889,167377,90604,76773,108608,56919,51689,18204,9711,8493,1030494,582686,447808,361259,141178,220081
24,473,00000,000000,0000,000000,DISTRICT,Gandhinagar,Rural,161994,791126,408436,382690,99763,53681,46082,40454,21162,19292,2583,1363,1220,563973,323305,240668,227153,85131,142022
24,473,00000,000000,0000,000000,DISTRICT,Gandhinagar,Urban,127996,600627,315428,285199,67614,36923,30691,68154,35757,32397,15621,8348,7273,466521,259381,207140,134106,56047,78059
24,474,00000,000000,0000,000000,DISTRICT,Ahmadabad,Total,1510134,7214225,3788051,3426174,842518,453790,388728,759483,399075,360408,89138,47106,42032,5435760,3025463,2410297,1778465,762588,1015877
24,474,00000,000000,0000,000000,DISTRICT,Ahmadabad,Rural,228482,1151178,595583,555595,161607,85309,76298,118502,61988,56514,16749,8656,8093,703078,422978,280100,448100,172605,275495
24,474,00000,000000,0000,000000,DISTRICT,Ahmadabad,Urban,1281652,6063047,3192468,2870579,680911,368481,312430,640981,337087,303894,72389,38450,33939,4732682,2602485,2130197,1330365,589983,740382
24,475,00000,000000,0000,000000,DISTRICT,Surendranagar,Total,343213,1756268,909917,846351,240011,126572,113439,179461,93427,86034,21453,11068,10385,1093626,643221,450405,662642,266696,395946
24,475,00000,000000,0000,000000,DISTRICT,Surendranagar,Rural,240804,1259352,649475,609877,184063,96563,87500,128019,66538,61481,19313,9915,9398,730703,437657,293046,528649,211818,316831
24,475,00000,000000,0000,000000,DISTRICT,Surendranagar,Urban,102409,496916,260442,236474,55948,30009,25939,51442,26889,24553,2140,1153,987,362923,205564,157359,133993,54878,79115
24,476,00000,000000,0000,000000,DISTRICT,Rajkot,Total,786586,3804558,1974445,1830113,438580,235534,203046,290169,149782,140387,24017,12504,11513,2725056,1514075,1210981,1079502,460370,619132
24,476,00000,000000,0000,000000,DISTRICT,Rajkot,Rural,314961,1590508,816264,774244,192085,102201,89884,147979,76241,71738,8407,4389,4018,1043935,592755,451180,546573,223509,323064
24,476,00000,000000,0000,000000,DISTRICT,Rajkot,Urban,471625,2214050,1158181,1055869,246495,133333,113162,142190,73541,68649,15610,8115,7495,1681121,921320,759801,532929,236861,296068
24,477,00000,000000,0000,000000,DISTRICT,Jamnagar,Total,430941,2160119,1114192,1045927,263972,138608,125364,173895,89597,84298,24187,12415,11772,1396534,795140,601394,763585,319052,444533
24,477,00000,000000,0000,000000,DISTRICT,Jamnagar,Rural,230303,1189054,610088,578966,152181,79355,72826,99378,51012,48366,16492,8457,8035,715735,414998,300737,473319,195090,278229
24,477,00000,000000,0000,000000,DISTRICT,Jamnagar,Urban,200638,971065,504104,466961,111791,59253,52538,74517,38585,35932,7695,3958,3737,680799,380142,300657,290266,123962,166304
24,478,00000,000000,0000,000000,DISTRICT,Porbandar ,Total,124556,585449,300209,285240,65926,34648,31278,51830,26607,25223,13039,6730,6309,393678,221621,172057,191771,78588,113183
24,478,00000,000000,0000,000000,DISTRICT,Porbandar ,Rural,63404,299775,153260,146515,35786,18750,17036,29068,14955,14113,9945,5146,4799,183193,105738,77455,116582,47522,69060
24,478,00000,000000,0000,000000,DISTRICT,Porbandar ,Urban,61152,285674,146949,138725,30140,15898,14242,22762,11652,11110,3094,1584,1510,210485,115883,94602,75189,31066,44123
24,479,00000,000000,0000,000000,DISTRICT,Junagadh,Total,527326,2743082,1404356,1338726,311930,163535,148395,265793,136319,129474,55571,28463,27108,1842818,1046981,795837,900264,357375,542889
24,479,00000,000000,0000,000000,DISTRICT,Junagadh,Rural,347702,1836670,940271,896399,213972,111826,102146,204153,104726,99427,37633,19376,18257,1178160,681209,496951,658510,259062,399448
24,479,00000,000000,0000,000000,DISTRICT,Junagadh,Urban,179624,906412,464085,442327,97958,51709,46249,61640,31593,30047,17938,9087,8851,664658,365772,298886,241754,98313,143441
24,480,00000,000000,0000,000000,DISTRICT,Amreli,Total,294837,1514190,771049,743141,173555,92047,81508,132915,68518,64397,7322,3856,3466,995459,558180,437279,518731,212869,305862
24,480,00000,000000,0000,000000,DISTRICT,Amreli,Rural,219041,1127555,572554,555001,131321,69460,61861,109351,56358,52993,4140,2210,1930,715043,404938,310105,412512,167616,244896
24,480,00000,000000,0000,000000,DISTRICT,Amreli,Urban,75796,386635,198495,188140,42234,22587,19647,23564,12160,11404,3182,1646,1536,280416,153242,127174,106219,45253,60966
24,481,00000,000000,0000,000000,DISTRICT,Bhavnagar,Total,538605,2880365,1490201,1390164,381470,201720,179750,157034,80827,76207,9110,4751,4359,1887255,1087371,799884,993110,402830,590280
24,481,00000,000000,0000,000000,DISTRICT,Bhavnagar,Rural,302370,1697964,868833,829131,241228,126532,114696,88671,45615,43056,3408,1817,1591,1029936,605026,424910,668028,263807,404221
24,481,00000,000000,0000,000000,DISTRICT,Bhavnagar,Urban,236235,1182401,621368,561033,140242,75188,65054,68363,35212,33151,5702,2934,2768,857319,482345,374974,325082,139023,186059
24,482,00000,000000,0000,000000,DISTRICT,Anand  ,Total,427605,2092745,1087224,1005521,254008,134827,119181,104465,54476,49989,24824,12761,12063,1551253,874481,676772,541492,212743,328749
24,482,00000,000000,0000,000000,DISTRICT,Anand  ,Rural,297658,1457758,758499,699259,184036,97827,86209,74755,39026,35729,9884,5129,4755,1053110,602971,450139,404648,155528,249120
24,482,00000,000000,0000,000000,DISTRICT,Anand  ,Urban,129947,634987,328725,306262,69972,37000,32972,29710,15450,14260,14940,7632,7308,498143,271510,226633,136844,57215,79629
24,483,00000,000000,0000,000000,DISTRICT,Kheda,Total,466856,2299885,1185727,1114158,291133,153591,137542,115631,59734,55897,40336,21057,19279,1660243,942480,717763,639642,243247,396395
24,483,00000,000000,0000,000000,DISTRICT,Kheda,Rural,359691,1776276,915197,861079,232225,122031,110194,86794,44935,41859,27275,14255,13020,1257241,722445,534796,519035,192752,326283
24,483,00000,000000,0000,000000,DISTRICT,Kheda,Urban,107165,523609,270530,253079,58908,31560,27348,28837,14799,14038,13061,6802,6259,403002,220035,182967,120607,50495,70112
24,484,00000,000000,0000,000000,DISTRICT,Panch Mahals,Total,446611,2390776,1226961,1163815,361311,186998,174313,100446,51278,49168,721604,368348,353256,1440805,858054,582751,949971,368907,581064
24,484,00000,000000,0000,000000,DISTRICT,Panch Mahals,Rural,378648,2055949,1053376,1002573,318429,164339,154090,83082,42398,40684,697576,356032,341544,1187834,719128,468706,868115,334248,533867
24,484,00000,000000,0000,000000,DISTRICT,Panch Mahals,Urban,67963,334827,173585,161242,42882,22659,20223,17364,8880,8484,24028,12316,11712,252971,138926,114045,81856,34659,47197
24,485,00000,000000,0000,000000,DISTRICT,Dohad  ,Total,334272,2127086,1068651,1058435,414798,212968,201830,41444,20680,20764,1580850,793305,787545,1007171,599035,408136,1119915,469616,650299
24,485,00000,000000,0000,000000,DISTRICT,Dohad  ,Rural,298702,1935461,970963,964498,387164,198501,188663,31647,15751,15896,1522008,763671,758337,872552,525140,347412,1062909,445823,617086
24,485,00000,000000,0000,000000,DISTRICT,Dohad  ,Urban,35570,191625,97688,93937,27634,14467,13167,9797,4929,4868,58842,29634,29208,134619,73895,60724,57006,23793,33213
24,486,00000,000000,0000,000000,DISTRICT,Vadodara,Total,877106,4165626,2153736,2011890,499811,263506,236305,221629,114602,107027,1149901,586665,563236,2893080,1614087,1278993,1272546,539649,732897
24,486,00000,000000,0000,000000,DISTRICT,Vadodara,Rural,417600,2099855,1077943,1021912,288758,149899,138859,83102,42935,40167,1040599,529305,511294,1228608,715860,512748,871247,362083,509164
24,486,00000,000000,0000,000000,DISTRICT,Vadodara,Urban,459506,2065771,1075793,989978,211053,113607,97446,138527,71667,66860,109302,57360,51942,1664472,898227,766245,401299,177566,223733
24,487,00000,000000,0000,000000,DISTRICT,Narmada,Total,122174,590297,301086,289211,78123,40250,37873,8733,4465,4268,481392,244524,236868,370336,211767,158569,219961,89319,130642
24,487,00000,000000,0000,000000,DISTRICT,Narmada,Rural,108962,528425,269408,259017,71877,36946,34931,5954,3036,2918,461391,234288,227103,321677,185566,136111,206748,83842,122906
24,487,00000,000000,0000,000000,DISTRICT,Narmada,Urban,13212,61872,31678,30194,6246,3304,2942,2779,1429,1350,20001,10236,9765,48659,26201,22458,13213,5477,7736
24,488,00000,000000,0000,000000,DISTRICT,Bharuch,Total,333483,1551019,805707,745312,179103,93265,85838,62235,31979,30256,488194,250398,237796,1118276,623047,495229,432743,182660,250083
24,488,00000,000000,0000,000000,DISTRICT,Bharuch,Rural,217298,1026060,529393,496667,121510,62739,58771,35364,18086,17278,431980,221464,210516,705458,396884,308574,320602,132509,188093
24,488,00000,000000,0000,000000,DISTRICT,Bharuch,Urban,116185,524959,276314,248645,57593,30526,27067,26871,13893,12978,56214,28934,27280,412818,226163,186655,112141,50151,61990
24,489,00000,000000,0000,000000,DISTRICT,The Dangs,Total,44699,228291,113821,114470,40743,20743,20000,992,490,502,216073,107539,108534,140968,77314,63654,87323,36507,50816
24,489,00000,000000,0000,000000,DISTRICT,The Dangs,Rural,39889,203604,101710,101894,37988,19316,18672,151,80,71,200138,99888,100250,121597,67400,54197,82007,34310,47697
24,489,00000,000000,0000,000000,DISTRICT,The Dangs,Urban,4810,24687,12111,12576,2755,1427,1328,841,410,431,15935,7651,8284,19371,9914,9457,5316,2197,3119
24,490,00000,000000,0000,000000,DISTRICT,Navsari  ,Total,295131,1329672,678165,651507,135170,70298,64872,35464,17959,17505,639659,319740,319919,1001909,539471,462438,327763,138694,189069
24,490,00000,000000,0000,000000,DISTRICT,Navsari  ,Rural,203297,920535,464749,455786,92466,47505,44961,17348,8712,8636,571812,285999,285813,676083,362923,313160,244452,101826,142626
24,490,00000,000000,0000,000000,DISTRICT,Navsari  ,Urban,91834,409137,213416,195721,42704,22793,19911,18116,9247,8869,67847,33741,34106,325826,176548,149278,83311,36868,46443
24,491,00000,000000,0000,000000,DISTRICT,Valsad,Total,364403,1705678,887222,818456,215439,111889,103550,38237,19557,18680,902794,450976,451818,1170657,655528,515129,535021,231694,303327
24,491,00000,000000,0000,000000,DISTRICT,Valsad,Rural,216948,1070177,542644,527533,142109,72995,69114,20777,10537,10240,785002,392473,392529,671205,372309,298896,398972,170335,228637
24,491,00000,000000,0000,000000,DISTRICT,Valsad,Urban,147455,635501,344578,290923,73330,38894,34436,17460,9020,8440,117792,58503,59289,499452,283219,216233,136049,61359,74690
24,492,00000,000000,0000,000000,DISTRICT,Surat,Total,1333200,6081322,3402224,2679098,736286,401315,334971,158115,82202,75913,856952,432089,424863,4571410,2687468,1883942,1509912,714756,795156
24,492,00000,000000,0000,000000,DISTRICT,Surat,Rural,269680,1232109,640060,592049,139486,72123,67363,38640,19559,19081,683413,342580,340833,840444,470015,370429,391665,170045,221620
24,492,00000,000000,0000,000000,DISTRICT,Surat,Urban,1063520,4849213,2762164,2087049,596800,329192,267608,119475,62643,56832,173539,89509,84030,3730966,2217453,1513513,1118247,544711,573536
24,493,00000,000000,0000,000000,DISTRICT,Tapi,Total,177091,807022,402188,404834,89075,45619,43456,8168,4139,4029,679320,335958,343362,490036,269007,221029,316986,133181,183805
24,493,00000,000000,0000,000000,DISTRICT,Tapi,Rural,160028,727535,361548,365987,80048,40887,39161,5296,2683,2613,657229,325023,332206,430376,236734,193642,297159,124814,172345
24,493,00000,000000,0000,000000,DISTRICT,Tapi,Urban,17063,79487,40640,38847,9027,4732,4295,2872,1456,1416,22091,10935,11156,59660,32273,27387,19827,8367,11460
25,000,00000,000000,0000,000000,STATE,DAMAN & DIU,Total,60956,243247,150301,92946,26934,14144,12790,6124,3151,2973,15363,7771,7592,188406,124643,63763,54841,25658,29183
25,000,00000,000000,0000,000000,STATE,DAMAN & DIU,Rural,12744,60396,32395,28001,7438,3849,3589,2167,1108,1059,7617,3843,3774,43089,25529,17560,17307,6866,10441
25,000,00000,000000,0000,000000,STATE,DAMAN & DIU,Urban,48212,182851,117906,64945,19496,10295,9201,3957,2043,1914,7746,3928,3818,145317,99114,46203,37534,18792,18742
25,494,00000,000000,0000,000000,DISTRICT,Diu,Total,10580,52074,25642,26432,6476,3357,3119,1862,927,935,123,69,54,38058,20327,17731,14016,5315,8701
25,494,00000,000000,0000,000000,DISTRICT,Diu,Rural,5331,28083,14028,14055,4019,2063,1956,493,258,235,2,1,1,18196,10263,7933,9887,3765,6122
25,494,00000,000000,0000,000000,DISTRICT,Diu,Urban,5249,23991,11614,12377,2457,1294,1163,1369,669,700,121,68,53,19862,10064,9798,4129,1550,2579
25,495,00000,000000,0000,000000,DISTRICT,Daman,Total,50376,191173,124659,66514,20458,10787,9671,4262,2224,2038,15240,7702,7538,150348,104316,46032,40825,20343,20482
25,495,00000,000000,0000,000000,DISTRICT,Daman,Rural,7413,32313,18367,13946,3419,1786,1633,1674,850,824,7615,3842,3773,24893,15266,9627,7420,3101,4319
25,495,00000,000000,0000,000000,DISTRICT,Daman,Urban,42963,158860,106292,52568,17039,9001,8038,2588,1374,1214,7625,3860,3765,125455,89050,36405,33405,17242,16163
26,000,00000,000000,0000,000000,STATE,DADRA & NAGAR HAVELI,Total,76458,343709,193760,149949,50895,26431,24464,6186,3339,2847,178564,88844,89720,223230,142521,80709,120479,51239,69240
26,000,00000,000000,0000,000000,STATE,DADRA & NAGAR HAVELI,Rural,36094,183114,98305,84809,28504,14467,14037,1296,771,525,150944,75049,75895,99142,64050,35092,83972,34255,49717
26,000,00000,000000,0000,000000,STATE,DADRA & NAGAR HAVELI,Urban,40364,160595,95455,65140,22391,11964,10427,4890,2568,2322,27620,13795,13825,124088,78471,45617,36507,16984,19523
26,496,00000,000000,0000,000000,DISTRICT,Dadra & Nagar Haveli,Total,76458,343709,193760,149949,50895,26431,24464,6186,3339,2847,178564,88844,89720,223230,142521,80709,120479,51239,69240
26,496,00000,000000,0000,000000,DISTRICT,Dadra & Nagar Haveli,Rural,36094,183114,98305,84809,28504,14467,14037,1296,771,525,150944,75049,75895,99142,64050,35092,83972,34255,49717
26,496,00000,000000,0000,000000,DISTRICT,Dadra & Nagar Haveli,Urban,40364,160595,95455,65140,22391,11964,10427,4890,2568,2322,27620,13795,13825,124088,78471,45617,36507,16984,19523
27,000,00000,000000,0000,000000,STATE,MAHARASHTRA,Total,24421519,112374333,58243056,54131277,13326517,7035391,6291126,13275898,6767759,6508139,10510213,5315025,5195188,81554290,45257584,36296706,30820043,12985472,17834571
27,000,00000,000000,0000,000000,STATE,MAHARASHTRA,Rural,13214738,61556074,31539034,30017040,7688954,4067399,3621555,7494819,3825053,3669766,9006077,4540456,4465621,41482761,23391475,18091286,20073313,8147559,11925754
27,000,00000,000000,0000,000000,STATE,MAHARASHTRA,Urban,11206781,50818259,26704022,24114237,5637563,2967992,2669571,5781079,2942706,2838373,1504136,774569,729567,40071529,21866109,18205420,10746730,4837913,5908817
27,497,00000,000000,0000,000000,DISTRICT,Nandurbar,Total,323521,1648295,833170,815125,240222,123582,116640,47985,24273,23712,1141933,568026,573907,906509,512099,394410,741786,321071,420715
27,497,00000,000000,0000,000000,DISTRICT,Nandurbar,Rural,272783,1372821,687671,685150,207516,106233,101283,30550,15453,15097,1094302,544172,550130,696260,395314,300946,676561,292357,384204
27,497,00000,000000,0000,000000,DISTRICT,Nandurbar,Urban,50738,275474,145499,129975,32706,17349,15357,17435,8820,8615,47631,23854,23777,210249,116785,93464,65225,28714,36511
27,498,00000,000000,0000,000000,DISTRICT,Dhule,Total,408874,2050862,1054031,996831,273507,144121,129386,127571,65068,62503,647315,327034,320281,1293916,723388,570528,756946,330643,426303
27,498,00000,000000,0000,000000,DISTRICT,Dhule,Rural,296717,1479826,758916,720910,206036,108085,97951,82299,42087,40212,607824,306730,301094,857440,489478,367962,622386,269438,352948
27,498,00000,000000,0000,000000,DISTRICT,Dhule,Urban,112157,571036,295115,275921,67471,36036,31435,45272,22981,22291,39491,20304,19187,436476,233910,202566,134560,61205,73355
27,499,00000,000000,0000,000000,DISTRICT,Jalgaon,Total,903643,4229917,2197365,2032552,532005,288827,243178,389273,199427,189846,604367,310150,294217,2891882,1629223,1262659,1338035,568142,769893
27,499,00000,000000,0000,000000,DISTRICT,Jalgaon,Rural,624570,2887206,1500514,1386692,375676,203933,171743,267718,137458,130260,537071,275373,261698,1877562,1080250,797312,1009644,420264,589380
27,499,00000,000000,0000,000000,DISTRICT,Jalgaon,Urban,279073,1342711,696851,645860,156329,84894,71435,121555,61969,59586,67296,34777,32519,1014320,548973,465347,328391,147878,180513
27,500,00000,000000,0000,000000,DISTRICT,Buldana,Total,561504,2586258,1337560,1248698,332125,179072,153053,470895,241445,229450,124837,64153,60684,1879874,1048892,830982,706384,288668,417716
27,500,00000,000000,0000,000000,DISTRICT,Buldana,Rural,451284,2037398,1055242,982156,264970,143051,121919,395137,202996,192141,116176,59525,56651,1450758,818571,632187,586640,236671,349969
27,500,00000,000000,0000,000000,DISTRICT,Buldana,Urban,110220,548860,282318,266542,67155,36021,31134,75758,38449,37309,8661,4628,4033,429116,230321,198795,119744,51997,67747
27,501,00000,000000,0000,000000,DISTRICT,Akola,Total,395690,1813906,932334,881572,211080,110372,100708,364059,186244,177815,100280,51359,48921,1411281,758977,652304,402625,173357,229268
27,501,00000,000000,0000,000000,DISTRICT,Akola,Rural,250160,1094165,563933,530232,129187,67347,61840,253575,130266,123309,85661,43797,41864,829355,453144,376211,264810,110789,154021
27,501,00000,000000,0000,000000,DISTRICT,Akola,Urban,145530,719741,368401,351340,81893,43025,38868,110484,55978,54506,14619,7562,7057,581926,305833,276093,137815,62568,75247
27,502,00000,000000,0000,000000,DISTRICT,Washim,Total,259464,1197160,620302,576858,152190,81686,70504,229462,117867,111595,80471,41403,39068,869917,487703,382214,327243,132599,194644
27,502,00000,000000,0000,000000,DISTRICT,Washim,Rural,218403,985747,511727,474020,125583,67515,58068,200187,103178,97009,77404,39801,37603,706756,400484,306272,278991,111243,167748
27,502,00000,000000,0000,000000,DISTRICT,Washim,Urban,41061,211413,108575,102838,26607,14171,12436,29275,14689,14586,3067,1602,1465,163161,87219,75942,48252,21356,26896
27,503,00000,000000,0000,000000,DISTRICT,Amravati,Total,647451,2888445,1480768,1407677,311391,160934,150457,506374,259398,246976,404128,205834,198294,2251875,1207104,1044771,636570,273664,362906
27,503,00000,000000,0000,000000,DISTRICT,Amravati,Rural,430282,1851158,950633,900525,204552,105268,99284,346056,178148,167908,368630,187465,181165,1400695,761665,639030,450463,188968,261495
27,503,00000,000000,0000,000000,DISTRICT,Amravati,Urban,217169,1037287,530135,507152,106839,55666,51173,160318,81250,79068,35498,18369,17129,851180,445439,405741,186107,84696,101411
27,504,00000,000000,0000,000000,DISTRICT,Wardha,Total,309846,1300774,668385,632389,128901,67187,61714,188830,96569,92261,149507,76698,72809,1019458,552617,466841,281316,115768,165548
27,504,00000,000000,0000,000000,DISTRICT,Wardha,Rural,212493,877474,451874,425600,88224,45798,42426,114889,59201,55688,125090,64327,60763,665082,365198,299884,212392,86676,125716
27,504,00000,000000,0000,000000,DISTRICT,Wardha,Urban,97353,423300,216511,206789,40677,21389,19288,73941,37368,36573,24417,12371,12046,354376,187419,166957,68924,29092,39832
27,505,00000,000000,0000,000000,DISTRICT,Nagpur,Total,1041544,4653570,2384975,2268595,497087,257438,239649,867713,439205,428508,437571,223566,214005,3673808,1959220,1714588,979762,425755,554007
27,505,00000,000000,0000,000000,DISTRICT,Nagpur,Rural,339997,1474811,758357,716454,164963,84973,79990,234062,119694,114368,200154,102275,97879,1072979,589827,483152,401832,168530,233302
27,505,00000,000000,0000,000000,DISTRICT,Nagpur,Urban,701547,3178759,1626618,1552141,332124,172465,159659,633651,319511,314140,237417,121291,116126,2600829,1369393,1231436,577930,257225,320705
27,506,00000,000000,0000,000000,DISTRICT,Bhandara,Total,278076,1200334,605520,594814,126025,64626,61399,200372,100421,99951,88886,44515,44371,899860,488709,411151,300474,116811,183663
27,506,00000,000000,0000,000000,DISTRICT,Bhandara,Rural,224933,966503,487484,479019,103261,52829,50432,155163,77939,77224,78943,39532,39411,708328,388442,319886,258175,99042,159133
27,506,00000,000000,0000,000000,DISTRICT,Bhandara,Urban,53143,233831,118036,115795,22764,11797,10967,45209,22482,22727,9943,4983,4960,191532,100267,91265,42299,17769,24530
27,507,00000,000000,0000,000000,DISTRICT,Gondiya,Total,292369,1322507,661554,660953,140365,71764,68601,175961,87434,88527,214253,105944,108309,1004243,542837,461406,318264,118717,199547
27,507,00000,000000,0000,000000,DISTRICT,Gondiya,Rural,243840,1096577,547934,548643,117577,60006,57571,135393,67401,67992,201913,99729,102184,818421,445490,372931,278156,102444,175712
27,507,00000,000000,0000,000000,DISTRICT,Gondiya,Urban,48529,225930,113620,112310,22788,11758,11030,40568,20033,20535,12340,6215,6125,185822,97347,88475,40108,16273,23835
27,508,00000,000000,0000,000000,DISTRICT,Gadchiroli,Total,250435,1072942,541328,531614,120272,61320,58952,120745,61041,59704,415306,207377,207929,708365,395110,313255,364577,146218,218359
27,508,00000,000000,0000,000000,DISTRICT,Gadchiroli,Rural,222413,954909,481290,473619,108521,55191,53330,101879,51541,50338,398266,198753,199513,613771,344593,269178,341138,136697,204441
27,508,00000,000000,0000,000000,DISTRICT,Gadchiroli,Urban,28022,118033,60038,57995,11751,6129,5622,18866,9500,9366,17040,8624,8416,94594,50517,44077,23439,9521,13918
27,509,00000,000000,0000,000000,DISTRICT,Chandrapur,Total,536686,2204307,1123834,1080473,231316,118471,112845,348365,176898,171467,389441,196753,192688,1578615,872565,706050,625692,251269,374423
27,509,00000,000000,0000,000000,DISTRICT,Chandrapur,Rural,356228,1428929,726106,702823,154465,78642,75823,187643,95203,92440,323796,163363,160433,962394,541613,420781,466535,184493,282042
27,509,00000,000000,0000,000000,DISTRICT,Chandrapur,Urban,180458,775378,397728,377650,76851,39829,37022,160722,81695,79027,65645,33390,32255,616221,330952,285269,159157,66776,92381
27,510,00000,000000,0000,000000,DISTRICT,Yavatmal,Total,646886,2772348,1419965,1352383,330180,171782,158398,328518,167009,161509,514057,260896,253161,2022574,1115980,906594,749774,303985,445789
27,510,00000,000000,0000,000000,DISTRICT,Yavatmal,Rural,515502,2174195,1115148,1059047,265301,137512,127789,249800,127461,122339,473752,240656,233096,1536035,859681,676354,638160,255467,382693
27,510,00000,000000,0000,000000,DISTRICT,Yavatmal,Urban,131384,598153,304817,293336,64879,34270,30609,78718,39548,39170,40305,20240,20065,486539,256299,230240,111614,48518,63096
27,511,00000,000000,0000,000000,DISTRICT,Nanded,Total,665434,3361292,1730075,1631217,459572,240620,218952,640483,328797,311686,281695,143892,137803,2189425,1255222,934203,1171867,474853,697014
27,511,00000,000000,0000,000000,DISTRICT,Nanded,Rural,494341,2447394,1258160,1189234,341023,178075,162948,473434,243159,230275,241712,123467,118245,1529317,892050,637267,918077,366110,551967
27,511,00000,000000,0000,000000,DISTRICT,Nanded,Urban,171093,913898,471915,441983,118549,62545,56004,167049,85638,81411,39983,20425,19558,660108,363172,296936,253790,108743,145047
27,512,00000,000000,0000,000000,DISTRICT,Hingoli,Total,228868,1177345,606294,571051,165716,88052,77664,182565,93379,89186,111954,57674,54280,790743,450551,340192,386602,155743,230859
27,512,00000,000000,0000,000000,DISTRICT,Hingoli,Rural,196255,998612,514430,484182,141780,75268,66512,161751,82844,78907,106739,54901,51838,658152,378697,279455,340460,135733,204727
27,512,00000,000000,0000,000000,DISTRICT,Hingoli,Urban,32613,178733,91864,86869,23936,12784,11152,20814,10535,10279,5215,2773,2442,132591,71854,60737,46142,20010,26132
27,513,00000,000000,0000,000000,DISTRICT,Parbhani,Total,361130,1836086,942870,893216,257320,136605,120715,247308,125883,121425,40514,20570,19944,1157814,666291,491523,678272,276579,401693
27,513,00000,000000,0000,000000,DISTRICT,Parbhani,Rural,256399,1266280,651886,614394,179962,95996,83966,172674,88291,84383,32150,16332,15818,763448,450696,312752,502832,201190,301642
27,513,00000,000000,0000,000000,DISTRICT,Parbhani,Urban,104731,569806,290984,278822,77358,40609,36749,74634,37592,37042,8364,4238,4126,394366,215595,178771,175440,75389,100051
27,514,00000,000000,0000,000000,DISTRICT,Jalna,Total,391701,1959046,1011473,947573,287338,153642,133696,272266,138957,133309,42263,21988,20275,1195523,699428,496095,763523,312045,451478
27,514,00000,000000,0000,000000,DISTRICT,Jalna,Rural,320908,1581617,817279,764338,234903,126180,108723,226345,115749,110596,35876,18543,17333,931514,554670,376844,650103,262609,387494
27,514,00000,000000,0000,000000,DISTRICT,Jalna,Urban,70793,377429,194194,183235,52435,27462,24973,45921,23208,22713,6387,3445,2942,264009,144758,119251,113420,49436,63984
27,515,00000,000000,0000,000000,DISTRICT,Aurangabad,Total,751915,3701282,1924469,1776813,532659,286721,245938,539368,277228,262140,143366,73876,69490,2503837,1430936,1072901,1197445,493533,703912
27,515,00000,000000,0000,000000,DISTRICT,Aurangabad,Rural,420950,2081112,1081825,999287,306364,165510,140854,246659,126700,119959,118070,60537,57533,1293330,768411,524919,787782,313414,474368
27,515,00000,000000,0000,000000,DISTRICT,Aurangabad,Urban,330965,1620170,842644,777526,226295,121211,105084,292709,150528,142181,25296,13339,11957,1210507,662525,547982,409663,180119,229544
27,516,00000,000000,0000,000000,DISTRICT,Nashik,Total,1222887,6107187,3157186,2950001,827935,438050,389885,554687,282213,272474,1564369,792547,771822,4345366,2397538,1947828,1761821,759648,1002173
27,516,00000,000000,0000,000000,DISTRICT,Nashik,Rural,677310,3509814,1804712,1705102,496060,262482,233578,231171,117824,113347,1399280,707246,692034,2326432,1306464,1019968,1183382,498248,685134
27,516,00000,000000,0000,000000,DISTRICT,Nashik,Urban,545577,2597373,1352474,1244899,331875,175568,156307,323516,164389,159127,165089,85301,79788,2018934,1091074,927860,578439,261400,317039
27,517,00000,000000,0000,000000,DISTRICT,Thane,Total,2529165,11060148,5865078,5195070,1327146,689665,637481,730089,377885,352204,1542451,769192,773259,8227161,4591396,3635765,2832987,1273682,1559305
27,517,00000,000000,0000,000000,DISTRICT,Thane,Rural,541599,2545470,1300136,1245334,364206,185687,178519,84982,43891,41091,1265162,627288,637874,1539885,883410,656475,1005585,416726,588859
27,517,00000,000000,0000,000000,DISTRICT,Thane,Urban,1987566,8514678,4564942,3949736,962940,503978,458962,645107,333994,311113,277289,141904,135385,6687276,3707986,2979290,1827402,856956,970446
27,518,00000,000000,0000,000000,DISTRICT,Mumbai Suburban,Total,2105604,9356962,5031323,4325639,930884,486696,444188,583302,300291,283011,104560,55033,49527,7575485,4223029,3352456,1781477,808294,973183
27,518,00000,000000,0000,000000,DISTRICT,Mumbai Suburban,Rural,0,0,0,0,0,0,0,0,0,0,0,0,0,0,0,0,0,0,0
27,518,00000,000000,0000,000000,DISTRICT,Mumbai Suburban,Urban,2105604,9356962,5031323,4325639,930884,486696,444188,583302,300291,283011,104560,55033,49527,7575485,4223029,3352456,1781477,808294,973183
27,519,00000,000000,0000,000000,DISTRICT,Mumbai,Total,674339,3085411,1684608,1400803,272886,142566,130320,219934,111564,108370,25093,13488,11605,2509022,1410680,1098342,576389,273928,302461
27,519,00000,000000,0000,000000,DISTRICT,Mumbai,Rural,0,0,0,0,0,0,0,0,0,0,0,0,0,0,0,0,0,0,0
27,519,00000,000000,0000,000000,DISTRICT,Mumbai,Urban,674339,3085411,1684608,1400803,272886,142566,130320,219934,111564,108370,25093,13488,11605,2509022,1410680,1098342,576389,273928,302461
27,520,00000,000000,0000,000000,DISTRICT,Raigarh,Total,611790,2634200,1344345,1289855,300815,155437,145378,134952,67980,66972,305125,153657,151468,1939994,1059692,880302,694206,284653,409553
27,520,00000,000000,0000,000000,DISTRICT,Raigarh,Rural,381204,1664005,836996,827009,188804,96875,91929,64338,31985,32353,270768,135959,134809,1162891,639701,523190,501114,197295,303819
27,520,00000,000000,0000,000000,DISTRICT,Raigarh,Urban,230586,970195,507349,462846,112011,58562,53449,70614,35995,34619,34357,17698,16659,777103,419991,357112,193092,87358,105734
27,521,00000,000000,0000,000000,DISTRICT,Pune,Total,2151503,9429408,4924105,4505303,1104959,586665,518294,1180703,602755,577948,348876,179132,169744,7171723,3940210,3231513,2257685,983895,1273790
27,521,00000,000000,0000,000000,DISTRICT,Pune,Rural,779972,3678226,1903440,1774786,440102,235248,204854,361029,185088,175941,255389,129711,125678,2622222,1472191,1150031,1056004,431249,624755
27,521,00000,000000,0000,000000,DISTRICT,Pune,Urban,1371531,5751182,3020665,2730517,664857,351417,313440,819674,417667,402007,93487,49421,44066,4549501,2468019,2081482,1201681,552646,649035
27,522,00000,000000,0000,000000,DISTRICT,Ahmadnagar,Total,930024,4543159,2342825,2200334,556014,300238,255776,573698,291521,282177,378230,191165,187065,3151890,1773355,1378535,1391269,569470,821799
27,522,00000,000000,0000,000000,DISTRICT,Ahmadnagar,Rural,739083,3630542,1872907,1757635,450473,243665,206808,443302,225820,217482,354975,179133,175842,2445147,1392891,1052256,1185395,480016,705379
27,522,00000,000000,0000,000000,DISTRICT,Ahmadnagar,Urban,190941,912617,469918,442699,105541,56573,48968,130396,65701,64695,23255,12032,11223,706743,380464,326279,205874,89454,116420
27,523,00000,000000,0000,000000,DISTRICT,Bid,Total,535835,2585049,1349106,1235943,352890,195245,157645,351254,179777,171477,32722,16806,15916,1718507,987185,731322,866542,361921,504621
27,523,00000,000000,0000,000000,DISTRICT,Bid,Rural,435588,2070751,1082978,987773,283628,157895,125733,278869,143031,135838,26681,13659,13022,1335589,777837,557752,735162,305141,430021
27,523,00000,000000,0000,000000,DISTRICT,Bid,Urban,100247,514298,266128,248170,69262,37350,31912,72385,36746,35639,6041,3147,2894,382918,209348,173570,131380,56780,74600
27,524,00000,000000,0000,000000,DISTRICT,Latur,Total,481572,2454196,1273140,1181056,317811,168237,149574,480913,247918,232995,57488,29872,27616,1650672,932432,718240,803524,340708,462816
27,524,00000,000000,0000,000000,DISTRICT,Latur,Rural,363409,1829216,949707,879509,238335,126156,112179,369609,190913,178696,48147,24970,23177,1194845,683249,511596,634371,266458,367913
27,524,00000,000000,0000,000000,DISTRICT,Latur,Urban,118163,624980,323433,301547,79476,42081,37395,111304,57005,54299,9341,4902,4439,455827,249183,206644,169153,74250,94903
27,525,00000,000000,0000,000000,DISTRICT,Osmanabad,Total,351281,1657576,861535,796041,207096,110919,96177,265184,136354,128830,36039,18569,17470,1137810,644304,493506,519766,217231,302535
27,525,00000,000000,0000,000000,DISTRICT,Osmanabad,Rural,296494,1376519,716237,660282,171560,91913,79647,221325,113813,107512,30007,15426,14581,926022,528743,397279,450497,187494,263003
27,525,00000,000000,0000,000000,DISTRICT,Osmanabad,Urban,54787,281057,145298,135759,35536,19006,16530,43859,22541,21318,6032,3143,2889,211788,115561,96227,69269,29737,39532
27,526,00000,000000,0000,000000,DISTRICT,Solapur,Total,873167,4317756,2227852,2089904,538453,285879,252574,649745,331960,317785,77592,39785,37807,2910676,1651266,1259410,1407080,576586,830494
27,526,00000,000000,0000,000000,DISTRICT,Solapur,Rural,593560,2918665,1518343,1400322,376328,200863,175465,443181,227928,215253,49731,25648,24083,1882788,1091085,791703,1035877,427258,608619
27,526,00000,000000,0000,000000,DISTRICT,Solapur,Urban,279607,1399091,709509,689582,162125,85016,77109,206564,104032,102532,27861,14137,13724,1027888,560181,467707,371203,149328,221875
27,527,00000,000000,0000,000000,DISTRICT,Satara,Total,653735,3003741,1510842,1492899,317885,167729,150156,323236,161703,161533,29635,15210,14425,2225694,1201034,1024660,778047,309808,468239
27,527,00000,000000,0000,000000,DISTRICT,Satara,Rural,528587,2433363,1219749,1213614,258567,136325,122242,247575,123808,123767,22463,11500,10963,1770750,960799,809951,662613,258950,403663
27,527,00000,000000,0000,000000,DISTRICT,Satara,Urban,125148,570378,291093,279285,59318,31404,27914,75661,37895,37766,7172,3710,3462,454944,240235,214709,115434,50858,64576
27,528,00000,000000,0000,000000,DISTRICT,Ratnagiri,Total,397115,1615069,761121,853948,155560,80333,75227,66948,31967,34981,20374,10402,9972,1199392,619012,580380,415677,142109,273568
27,528,00000,000000,0000,000000,DISTRICT,Ratnagiri,Rural,335318,1351346,630213,721133,129073,66623,62450,57524,27217,30307,18788,9577,9211,979357,507199,472158,371989,123014,248975
27,528,00000,000000,0000,000000,DISTRICT,Ratnagiri,Urban,61797,263723,130908,132815,26487,13710,12777,9424,4750,4674,1586,825,761,220035,111813,108222,43688,19095,24593
27,529,00000,000000,0000,000000,DISTRICT,Sindhudurg,Total,209839,849651,417332,432319,71193,37034,34159,55586,26830,28756,6976,3575,3401,666067,348289,317778,183584,69043,114541
27,529,00000,000000,0000,000000,DISTRICT,Sindhudurg,Rural,183201,742645,363268,379377,61715,32038,29677,48709,23397,25312,6019,3061,2958,576273,302111,274162,166372,61157,105215
27,529,00000,000000,0000,000000,DISTRICT,Sindhudurg,Urban,26638,107006,54064,52942,9478,4996,4482,6877,3433,3444,957,514,443,89794,46178,43616,17212,7886,9326
27,530,00000,000000,0000,000000,DISTRICT,Kolhapur,Total,840240,3876001,1980658,1895343,408942,219521,189421,504461,253390,251071,30206,15478,14728,2825845,1559760,1266085,1050156,420898,629258
27,530,00000,000000,0000,000000,DISTRICT,Kolhapur,Rural,568519,2645992,1348815,1297177,279956,150362,129594,355641,178623,177018,22318,11408,10910,1853869,1039715,814154,792123,309100,483023
27,530,00000,000000,0000,000000,DISTRICT,Kolhapur,Urban,271721,1230009,631843,598166,128986,69159,59827,148820,74767,74053,7888,4070,3818,971976,520045,451931,258033,111798,146235
27,531,00000,000000,0000,000000,DISTRICT,Sangli,Total,598386,2822143,1435728,1386415,306777,164355,142422,353093,177108,175985,18333,9406,8927,2049467,1121550,927917,772676,314178,458498
27,531,00000,000000,0000,000000,DISTRICT,Sangli,Rural,442436,2102786,1071124,1031662,230283,123855,106428,252350,126946,125404,12820,6592,6228,1495094,827806,667288,607692,243318,364374
27,531,00000,000000,0000,000000,DISTRICT,Sangli,Urban,155950,719357,364604,354753,76494,40500,35994,100743,50162,50581,5513,2814,2699,554373,293744,260629,164984,70860,94124
28,000,00000,000000,0000,000000,STATE,ANDHRA PRADESH,Total,21022588,84580777,42442146,42138631,9142802,4714950,4427852,13878078,6913047,6965031,5918073,2969362,2948711,50556760,28251243,22305517,34024017,14190903,19833114
28,000,00000,000000,0000,000000,STATE,ANDHRA PRADESH,Rural,14234387,56361702,28243241,28118461,6152022,3169288,2982734,10846333,5417474,5428859,5232129,2620892,2611237,30351065,17395600,12955465,26010637,10847641,15162996
28,000,00000,000000,0000,000000,STATE,ANDHRA PRADESH,Urban,6788201,28219075,14198905,14020170,2990780,1545662,1445118,3031745,1495573,1536172,685944,348470,337474,20205695,10855643,9350052,8013380,3343262,4670118
28,532,00000,000000,0000,000000,DISTRICT,Adilabad,Total,649849,2741239,1369597,1371642,309992,160291,149701,488596,242844,245752,495794,247472,248322,1483347,856350,626997,1257892,513247,744645
28,532,00000,000000,0000,000000,DISTRICT,Adilabad,Rural,473010,1980980,985303,995677,234207,120918,113289,368490,182451,186039,463089,231551,231538,965707,569033,396674,1015273,416270,599003
28,532,00000,000000,0000,000000,DISTRICT,Adilabad,Urban,176839,760259,384294,375965,75785,39373,36412,120106,60393,59713,32705,15921,16784,517640,287317,230323,242619,96977,145642
28,533,00000,000000,0000,000000,DISTRICT,Nizamabad,Total,593234,2551335,1250641,1300694,282417,144977,137440,371074,178798,192276,192941,95679,97262,1389810,790214,599596,1161525,460427,701098
28,533,00000,000000,0000,000000,DISTRICT,Nizamabad,Rural,465538,1962963,958837,1004126,214946,110596,104350,323425,155816,167609,185297,92056,93241,987594,573184,414410,975369,385653,589716
28,533,00000,000000,0000,000000,DISTRICT,Nizamabad,Urban,127696,588372,291804,296568,67471,34381,33090,47649,22982,24667,7644,3623,4021,402216,217030,185186,186156,74774,111382
28,534,00000,000000,0000,000000,DISTRICT,Karimnagar,Total,976022,3776269,1880800,1895469,336053,173647,162406,709757,352481,357276,106745,53495,53250,2206829,1257238,949591,1569440,623562,945878
28,534,00000,000000,0000,000000,DISTRICT,Karimnagar,Rural,743421,2825044,1401950,1423094,244443,126222,118221,587484,291431,296053,92353,46204,46149,1538281,889488,648793,1286763,512462,774301
28,534,00000,000000,0000,000000,DISTRICT,Karimnagar,Urban,232601,951225,478850,472375,91610,47425,44185,122273,61050,61223,14392,7291,7101,668548,367750,300798,282677,111100,171577
28,535,00000,000000,0000,000000,DISTRICT,Medak,Total,668626,3033288,1523030,1510258,367603,188312,179291,537947,266413,271534,168985,86574,82411,1637137,953406,683731,1396151,569624,826527
28,535,00000,000000,0000,000000,DISTRICT,Medak,Rural,504567,2305417,1152806,1152611,279477,143238,136239,461017,228175,232842,156801,80309,76492,1134489,674416,460073,1170928,478390,692538
28,535,00000,000000,0000,000000,DISTRICT,Medak,Urban,164059,727871,370224,357647,88126,45074,43052,76930,38238,38692,12184,6265,5919,502648,278990,223658,225223,91234,133989
28,536,00000,000000,0000,000000,DISTRICT,Hyderabad,Total,849051,3943323,2018575,1924748,469126,245127,223999,247927,124313,123614,48937,25556,23381,2892155,1542688,1349467,1051168,475887,575281
28,536,00000,000000,0000,000000,DISTRICT,Hyderabad,Rural,0,0,0,0,0,0,0,0,0,0,0,0,0,0,0,0,0,0,0
28,536,00000,000000,0000,000000,DISTRICT,Hyderabad,Urban,849051,3943323,2018575,1924748,469126,245127,223999,247927,124313,123614,48937,25556,23381,2892155,1542688,1349467,1051168,475887,575281
28,537,00000,000000,0000,000000,DISTRICT,Rangareddy,Total,1235341,5296741,2701008,2595733,633172,327563,305609,652042,328011,324031,218757,112768,105989,3538028,1948784,1589244,1758713,752224,1006489
28,537,00000,000000,0000,000000,DISTRICT,Rangareddy,Rural,349140,1577569,801013,776556,192848,99495,93353,325517,163576,161941,133890,68748,65142,839187,493493,345694,738382,307520,430862
28,537,00000,000000,0000,000000,DISTRICT,Rangareddy,Urban,886201,3719172,1899995,1819177,440324,228068,212256,326525,164435,162090,84867,44020,40847,2698841,1455291,1243550,1020331,444704,575627
28,538,00000,000000,0000,000000,DISTRICT,Mahbubnagar,Total,869451,4053028,2050386,2002642,527230,273914,253316,708954,356099,352855,364269,187035,177234,1940646,1158386,782260,2112382,892000,1220382
28,538,00000,000000,0000,000000,DISTRICT,Mahbubnagar,Rural,743106,3445336,1742438,1702898,456796,237506,219290,651273,327589,323684,345359,176540,168819,1521778,926165,595613,1923558,816273,1107285
28,538,00000,000000,0000,000000,DISTRICT,Mahbubnagar,Urban,126345,607692,307948,299744,70434,36408,34026,57681,28510,29171,18910,10495,8415,418868,232221,186647,188824,75727,113097
28,539,00000,000000,0000,000000,DISTRICT,Nalgonda,Total,875939,3488809,1759772,1729037,371735,193266,178469,637385,318359,319026,394279,203876,190403,2001019,1160757,840262,1487790,599015,888775
28,539,00000,000000,0000,000000,DISTRICT,Nalgonda,Rural,716294,2826302,1427716,1398586,303536,158158,145378,550732,276394,274338,366300,189061,177239,1515547,896996,618551,1310755,530720,780035
28,539,00000,000000,0000,000000,DISTRICT,Nalgonda,Urban,159645,662507,332056,330451,68199,35108,33091,86653,41965,44688,27979,14815,13164,485472,263761,221711,177035,68295,108740
28,540,00000,000000,0000,000000,DISTRICT,Warangal,Total,886279,3512576,1759281,1753295,341168,177444,163724,616102,307709,308393,530656,268976,261680,2065023,1179790,885233,1447553,579491,868062
28,540,00000,000000,0000,000000,DISTRICT,Warangal,Rural,645197,2520243,1260594,1259649,246805,128789,118016,461297,230559,230738,486034,246028,240006,1337408,781417,555991,1182835,479177,703658
28,540,00000,000000,0000,000000,DISTRICT,Warangal,Urban,241082,992333,498687,493646,94363,48655,45708,154805,77150,77655,44622,22948,21674,727615,398373,329242,264718,100314,164404
28,541,00000,000000,0000,000000,DISTRICT,Khammam,Total,754034,2797370,1390988,1406382,281922,143956,137966,462896,229905,232991,765565,378532,387033,1630234,901640,728594,1167136,489348,677788
28,541,00000,000000,0000,000000,DISTRICT,Khammam,Rural,582970,2141459,1066781,1074678,217568,110904,106664,366888,183331,183557,709904,352019,357885,1149533,647506,502027,991926,419275,572651
28,541,00000,000000,0000,000000,DISTRICT,Khammam,Urban,171064,655911,324207,331704,64354,33052,31302,96008,46574,49434,55661,26513,29148,480701,254134,226567,175210,70073,105137
28,542,00000,000000,0000,000000,DISTRICT,Srikakulam,Total,681330,2703114,1341738,1361376,281037,143835,137202,255664,125214,130450,166118,81382,84736,1495381,857824,637557,1207733,483914,723819
28,542,00000,000000,0000,000000,DISTRICT,Srikakulam,Rural,572382,2266411,1126888,1139523,238331,121732,116599,214824,105721,109103,160438,78438,82000,1186662,692122,494540,1079749,434766,644983
28,542,00000,000000,0000,000000,DISTRICT,Srikakulam,Urban,108948,436703,214850,221853,42706,22103,20603,40840,19493,21347,5680,2944,2736,308719,165702,143017,127984,49148,78836
28,543,00000,000000,0000,000000,DISTRICT,Vizianagaram,Total,587149,2344474,1161477,1182997,241657,123300,118357,247728,121493,126235,235556,114687,120869,1238388,707503,530885,1106086,453974,652112
28,543,00000,000000,0000,000000,DISTRICT,Vizianagaram,Rural,463526,1853563,920428,933135,194859,99319,95540,190373,93902,96471,226130,110300,115830,891838,523316,368522,961725,397112,564613
28,543,00000,000000,0000,000000,DISTRICT,Vizianagaram,Urban,123623,490911,241049,249862,46798,23981,22817,57355,27591,29764,9426,4387,5039,346550,184187,162363,144361,56862,87499
28,544,00000,000000,0000,000000,DISTRICT,Visakhapatnam,Total,1097042,4290589,2138910,2151679,452213,230630,221583,329486,162873,166613,618500,302905,315595,2568249,1422878,1145371,1722340,716032,1006308
28,544,00000,000000,0000,000000,DISTRICT,Visakhapatnam,Rural,579417,2254667,1113234,1141433,258267,130975,127292,151980,75154,76826,579968,282244,297724,1072167,618397,453770,1182500,494837,687663
28,544,00000,000000,0000,000000,DISTRICT,Visakhapatnam,Urban,517625,2035922,1025676,1010246,193946,99655,94291,177506,87719,89787,38532,20661,17871,1496082,804481,691601,539840,221195,318645
28,545,00000,000000,0000,000000,DISTRICT,East Godavari,Total,1428528,5154296,2569688,2584608,522054,265244,256810,945269,468883,476386,213195,104422,108773,3288577,1716933,1571644,1865719,852755,1012964
28,545,00000,000000,0000,000000,DISTRICT,East Godavari,Rural,1073773,3840324,1922293,1918031,395078,200730,194348,785984,391519,394465,198698,96988,101710,2329761,1223694,1106067,1510563,698599,811964
28,545,00000,000000,0000,000000,DISTRICT,East Godavari,Urban,354755,1313972,647395,666577,126976,64514,62462,159285,77364,81921,14497,7434,7063,958816,493239,465577,355156,154156,201000
28,546,00000,000000,0000,000000,DISTRICT,West Godavari,Total,1091525,3936966,1964918,1972048,382887,194960,187927,811698,403693,408005,109072,53367,55705,2652389,1379223,1273166,1284577,585695,698882
28,546,00000,000000,0000,000000,DISTRICT,West Godavari,Rural,877207,3128189,1567013,1561176,309636,157580,152056,710703,355154,355549,99659,48661,50998,2035630,1063675,971955,1092559,503338,589221
28,546,00000,000000,0000,000000,DISTRICT,West Godavari,Urban,214318,808777,397905,410872,73251,37380,35871,100995,48539,52456,9413,4706,4707,616759,315548,301211,192018,82357,109661
28,547,00000,000000,0000,000000,DISTRICT,Krishna,Total,1243293,4517398,2267375,2250023,435884,225220,210664,871063,435412,435651,132464,66734,65730,3009718,1598959,1410759,1507680,668416,839264
28,547,00000,000000,0000,000000,DISTRICT,Krishna,Rural,753922,2673738,1343534,1330204,258921,133905,125016,665621,333803,331818,93915,47291,46624,1657592,891610,765982,1016146,451924,564222
28,547,00000,000000,0000,000000,DISTRICT,Krishna,Urban,489371,1843660,923841,919819,176963,91315,85648,205442,101609,103833,38549,19443,19106,1352126,707349,644777,491534,216492,275042
28,548,00000,000000,0000,000000,DISTRICT,Guntur,Total,1296609,4887813,2440521,2447292,495729,254833,240896,957407,476333,481074,247089,125105,121984,2960441,1634726,1325715,1927372,805795,1121577
28,548,00000,000000,0000,000000,DISTRICT,Guntur,Rural,877464,3235075,1621491,1613584,332761,171120,161641,740117,370856,369261,190905,96911,93994,1797934,1017294,780640,1437141,604197,832944
28,548,00000,000000,0000,000000,DISTRICT,Guntur,Urban,419145,1652738,819030,833708,162968,83713,79255,217290,105477,111813,56184,28194,27990,1162507,617432,545075,490231,201598,288633
28,549,00000,000000,0000,000000,DISTRICT,Prakasam,Total,860463,3397448,1714764,1682684,378261,195753,182508,787861,397242,390619,151145,76677,74468,1904435,1107686,796749,1493013,607078,885935
28,549,00000,000000,0000,000000,DISTRICT,Prakasam,Rural,691813,2732866,1382641,1350225,311074,161206,149868,698090,352889,345201,124386,63386,61000,1435913,852588,583325,1296953,530053,766900
28,549,00000,000000,0000,000000,DISTRICT,Prakasam,Urban,168650,664582,332123,332459,67187,34547,32640,89771,44353,45418,26759,13291,13468,468522,255098,213424,196060,77025,119035
28,550,00000,000000,0000,000000,DISTRICT,Sri Potti Sriramulu Nellore,Total,776854,2963557,1492974,1470583,304309,156907,147402,666588,332673,333915,285997,145168,140829,1832189,1011922,820267,1131368,481052,650316
28,550,00000,000000,0000,000000,DISTRICT,Sri Potti Sriramulu Nellore,Rural,567120,2105927,1060810,1045117,224081,115556,108525,544770,272522,272248,240972,122388,118584,1197619,672946,524673,908308,387864,520444
28,550,00000,000000,0000,000000,DISTRICT,Sri Potti Sriramulu Nellore,Urban,209734,857630,432164,425466,80228,41351,38877,121818,60151,61667,45025,22780,22245,634570,338976,295594,223060,93188,129872
28,551,00000,000000,0000,000000,DISTRICT,Y.S.R.,Total,706204,2882469,1451777,1430692,331586,172902,158684,465794,232123,233671,75886,38571,37315,1716766,994699,722067,1165703,457078,708625
28,551,00000,000000,0000,000000,DISTRICT,Y.S.R.,Rural,477712,1903337,959693,943644,221139,115305,105834,355350,177589,177761,58181,29754,28427,1062356,630940,431416,840981,328753,512228
28,551,00000,000000,0000,000000,DISTRICT,Y.S.R.,Urban,228492,979132,492084,487048,110447,57597,52850,110444,54534,55910,17705,8817,8888,654410,363759,290651,324722,128325,196397
28,552,00000,000000,0000,000000,DISTRICT,Kurnool,Total,887652,4053463,2039227,2014236,506239,261217,245022,737945,370215,367730,82831,42052,40779,2127161,1246369,880792,1926302,792858,1133444
28,552,00000,000000,0000,000000,DISTRICT,Kurnool,Rural,639120,2904177,1464569,1439608,373171,192362,180809,569045,287498,281547,64735,32573,32162,1390459,841511,548948,1513718,623058,890660
28,552,00000,000000,0000,000000,DISTRICT,Kurnool,Urban,248532,1149286,574658,574628,133068,68855,64213,168900,82717,86183,18096,9479,8617,736702,404858,331844,412584,169800,242784
28,553,00000,000000,0000,000000,DISTRICT,Anantapur,Total,968160,4081148,2064495,2016653,445956,231369,214587,583135,292379,290756,154127,78573,75554,2310960,1338474,972486,1770188,726021,1044167
28,553,00000,000000,0000,000000,DISTRICT,Anantapur,Rural,700366,2935437,1489157,1446280,323884,167977,155907,475929,239604,236325,126362,64563,61799,1546394,917058,629336,1389043,572099,816944
28,553,00000,000000,0000,000000,DISTRICT,Anantapur,Urban,267794,1145711,575338,570373,122072,63392,58680,107206,52775,54431,27765,14010,13755,764566,421416,343150,381145,153922,227223
28,554,00000,000000,0000,000000,DISTRICT,Chittoor,Total,1039953,4174064,2090204,2083860,444572,230283,214289,785760,389582,396178,159165,79756,79409,2667878,1484794,1183084,1506186,605410,900776
28,554,00000,000000,0000,000000,DISTRICT,Chittoor,Rural,737322,2942678,1474052,1468626,320194,165695,154499,647424,321941,325483,128753,64879,63874,1757216,998751,758465,1185462,475301,710161
28,554,00000,000000,0000,000000,DISTRICT,Chittoor,Urban,302631,1231386,616152,615234,124378,64588,59790,138336,67641,70695,30412,14877,15535,910662,486043,424619,320724,130109,190615
29,000,00000,000000,0000,000000,STATE,KARNATAKA,Total,13357027,61095297,30966657,30128640,7161033,3675291,3485742,10474992,5264545,5210447,4248987,2134754,2114233,40647322,22508471,18138851,20447975,8458186,11989789
29,000,00000,000000,0000,000000,STATE,KARNATAKA,Rural,7946657,37469335,18929354,18539981,4517645,2317069,2200576,7495763,3771506,3724257,3429791,1723762,1706029,22649176,12893437,9755739,14820159,6035917,8784242
29,000,00000,000000,0000,000000,STATE,KARNATAKA,Urban,5410370,23625962,12037303,11588659,2643388,1358222,1285166,2979229,1493039,1486190,819196,410992,408204,17998146,9615034,8383112,5627816,2422269,3205547
29,555,00000,000000,0000,000000,DISTRICT,Belgaum,Total,983854,4779661,2423063,2356598,626269,323761,302508,577418,289096,288322,297198,148673,148525,3052032,1725548,1326484,1727629,697515,1030114
29,555,00000,000000,0000,000000,DISTRICT,Belgaum,Rural,719233,3568466,1811094,1757372,487103,251599,235504,448375,225418,222957,253876,127133,126743,2134792,1233802,900990,1433674,577292,856382
29,555,00000,000000,0000,000000,DISTRICT,Belgaum,Urban,264621,1211195,611969,599226,139166,72162,67004,129043,63678,65365,43322,21540,21782,917240,491746,425494,293955,120223,173732
29,556,00000,000000,0000,000000,DISTRICT,Bagalkot ,Total,361149,1889752,950111,939641,271908,140551,131357,319149,158135,161014,97203,48470,48733,1113412,641388,472024,776340,308723,467617
29,556,00000,000000,0000,000000,DISTRICT,Bagalkot ,Rural,242690,1291906,650267,641639,193893,100150,93743,238014,118054,119960,80820,40322,40498,704912,416846,288066,586994,233421,353573
29,556,00000,000000,0000,000000,DISTRICT,Bagalkot ,Urban,118459,597846,299844,298002,78015,40401,37614,81135,40081,41054,16383,8148,8235,408500,224542,183958,189346,75302,114044
29,557,00000,000000,0000,000000,DISTRICT,Bijapur,Total,408806,2177331,1111022,1066309,318406,164856,153550,442773,226440,216333,39314,19912,19402,1248268,730566,517702,929063,380456,548607
29,557,00000,000000,0000,000000,DISTRICT,Bijapur,Rural,309751,1675353,857562,817791,251849,130258,121591,364088,186568,177520,31644,16124,15520,894132,538400,355732,781221,319162,462059
29,557,00000,000000,0000,000000,DISTRICT,Bijapur,Urban,99055,501978,253460,248518,66557,34598,31959,78685,39872,38813,7670,3788,3882,354136,192166,161970,147842,61294,86548
29,558,00000,000000,0000,000000,DISTRICT,Bidar,Total,319937,1703300,870665,832635,224442,115550,108892,399785,204280,195505,235822,119787,116035,1042673,597198,445475,660627,273467,387160
29,558,00000,000000,0000,000000,DISTRICT,Bidar,Rural,239979,1277348,651250,626098,168796,86615,82181,330419,168884,161535,214759,109197,105562,739711,430681,309030,537637,220569,317068
29,558,00000,000000,0000,000000,DISTRICT,Bidar,Urban,79958,425952,219415,206537,55646,28935,26711,69366,35396,33970,21063,10590,10473,302962,166517,136445,122990,52898,70092
29,559,00000,000000,0000,000000,DISTRICT,Raichur,Total,363853,1928812,964511,964301,283733,145468,138265,400933,200359,200574,367071,182101,184970,979769,577213,402556,949043,387298,561745
29,559,00000,000000,0000,000000,DISTRICT,Raichur,Rural,267585,1438464,717972,720492,219804,112671,107133,313581,156829,156752,334023,165593,168430,659440,399587,259853,779024,318385,460639
29,559,00000,000000,0000,000000,DISTRICT,Raichur,Urban,96268,490348,246539,243809,63929,32797,31132,87352,43530,43822,33048,16508,16540,320329,177626,142703,170019,68913,101106
29,560,00000,000000,0000,000000,DISTRICT,Koppal,Total,264595,1389920,699926,689994,201654,103016,98638,258608,129341,129267,164271,82761,81510,809085,468785,340300,580835,231141,349694
29,560,00000,000000,0000,000000,DISTRICT,Koppal,Rural,217748,1156216,582958,573258,170550,87254,83296,222935,111858,111077,152563,76987,75576,651001,382270,268731,505215,200688,304527
29,560,00000,000000,0000,000000,DISTRICT,Koppal,Urban,46847,233704,116968,116736,31104,15762,15342,35673,17483,18190,11708,5774,5934,158084,86515,71569,75620,30453,45167
29,561,00000,000000,0000,000000,DISTRICT,Gadag,Total,219096,1064570,537147,527423,132442,68025,64417,174196,87745,86451,61654,30975,30679,700177,397178,302999,364393,139969,224424
29,561,00000,000000,0000,000000,DISTRICT,Gadag,Rural,139782,685261,347585,337676,87350,44898,42452,127515,64485,63030,50637,25558,25079,429673,250701,178972,255588,96884,158704
29,561,00000,000000,0000,000000,DISTRICT,Gadag,Urban,79314,379309,189562,189747,45092,23127,21965,46681,23260,23421,11017,5417,5600,270504,146477,124027,108805,43085,65720
29,562,00000,000000,0000,000000,DISTRICT,Dharwad,Total,382700,1847023,937206,909817,219942,113127,106815,177855,89137,88718,87548,44173,43375,1301664,711776,589888,545359,225430,319929
29,562,00000,000000,0000,000000,DISTRICT,Dharwad,Rural,160674,797484,409416,388068,101160,52331,48829,71387,36366,35021,50089,25586,24503,501954,289171,212783,295530,120245,175285
29,562,00000,000000,0000,000000,DISTRICT,Dharwad,Urban,222026,1049539,527790,521749,118782,60796,57986,106468,52771,53697,37459,18587,18872,799710,422605,377105,249829,105185,144644
29,563,00000,000000,0000,000000,DISTRICT,Uttara Kannada,Total,324530,1437169,726256,710913,150115,76794,73321,116431,57841,58590,34239,17095,17144,1081906,582099,499807,355263,144157,211106
29,563,00000,000000,0000,000000,DISTRICT,Uttara Kannada,Rural,228887,1018188,514910,503278,106741,54554,52187,78859,39392,39467,27949,13976,13973,741129,403419,337710,277059,111491,165568
29,563,00000,000000,0000,000000,DISTRICT,Uttara Kannada,Urban,95643,418981,211346,207635,43374,22240,21134,37572,18449,19123,6290,3119,3171,340777,178680,162097,78204,32666,45538
29,564,00000,000000,0000,000000,DISTRICT,Haveri,Total,330414,1597668,819128,778540,195317,100369,94948,219976,112212,107764,141380,72109,69271,1085443,603793,481650,512225,215335,296890
29,564,00000,000000,0000,000000,DISTRICT,Haveri,Rural,257195,1242167,638450,603717,152010,77825,74185,188161,96191,91970,126249,64580,61669,825101,465603,359498,417066,172847,244219
29,564,00000,000000,0000,000000,DISTRICT,Haveri,Urban,73219,355501,180678,174823,43307,22544,20763,31815,16021,15794,15131,7529,7602,260342,138190,122152,95159,42488,52671
29,565,00000,000000,0000,000000,DISTRICT,Bellary,Total,489118,2452595,1236954,1215641,344152,175543,168609,517409,258582,258827,451406,225451,225955,1421621,813440,608181,1030974,423514,607460
29,565,00000,000000,0000,000000,DISTRICT,Bellary,Rural,295258,1532356,774093,758263,222971,113910,109061,366016,183550,182466,334131,167653,166478,809312,478100,331212,723044,295993,427051
29,565,00000,000000,0000,000000,DISTRICT,Bellary,Urban,193860,920239,462861,457378,121181,61633,59548,151393,75032,76361,117275,57798,59477,612309,335340,276969,307930,127521,180409
29,566,00000,000000,0000,000000,DISTRICT,Chitradurga,Total,357003,1659456,840843,818613,184280,94629,89651,389117,196819,192298,302554,152939,149615,1087392,607188,480204,572064,233655,338409
29,566,00000,000000,0000,000000,DISTRICT,Chitradurga,Rural,283669,1329923,675573,654350,149294,76667,72627,333571,169160,164411,266526,135209,131317,834419,474285,360134,495504,201288,294216
29,566,00000,000000,0000,000000,DISTRICT,Chitradurga,Urban,73334,329533,165270,164263,34986,17962,17024,55546,27659,27887,36028,17730,18298,252973,132903,120070,76560,32367,44193
29,567,00000,000000,0000,000000,DISTRICT,Davanagere,Total,410176,1945497,986400,959097,217731,111793,105938,392595,198299,194296,233112,117808,115304,1308540,720637,587903,636957,265763,371194
29,567,00000,000000,0000,000000,DISTRICT,Davanagere,Rural,275421,1316487,668267,648220,147770,75951,71819,315926,159704,156222,191754,96936,94818,838823,471688,367135,477664,196579,281085
29,567,00000,000000,0000,000000,DISTRICT,Davanagere,Urban,134755,629010,318133,310877,69961,35842,34119,76669,38595,38074,41358,20872,20486,469717,248949,220768,159293,69184,90109
29,568,00000,000000,0000,000000,DISTRICT,Shimoga,Total,406816,1752753,877415,875338,182751,93221,89530,308158,153546,154612,65412,32707,32705,1263016,674938,588078,489737,202477,287260
29,568,00000,000000,0000,000000,DISTRICT,Shimoga,Rural,259456,1129026,565821,563205,119703,61149,58554,225316,112674,112642,49963,25045,24918,770817,419590,351227,358209,146231,211978
29,568,00000,000000,0000,000000,DISTRICT,Shimoga,Urban,147360,623727,311594,312133,63048,32072,30976,82842,40872,41970,15449,7662,7787,492199,255348,236851,131528,56246,75282
29,569,00000,000000,0000,000000,DISTRICT,Udupi,Total,253078,1177361,562131,615230,103160,52689,50471,75429,36988,38441,52897,26228,26669,926429,465704,460725,250932,96427,154505
29,569,00000,000000,0000,000000,DISTRICT,Udupi,Rural,177529,843300,398847,444453,74293,37902,36391,55996,27453,28543,41596,20630,20966,645246,324309,320937,198054,74538,123516
29,569,00000,000000,0000,000000,DISTRICT,Udupi,Urban,75549,334061,163284,170777,28867,14787,14080,19433,9535,9898,11301,5598,5703,281183,141395,139788,52878,21889,30989
29,570,00000,000000,0000,000000,DISTRICT,Chikmagalur,Total,276085,1137961,566622,571339,105328,53493,51835,253651,125016,128635,44970,21990,22980,818345,438257,380088,319616,128365,191251
29,570,00000,000000,0000,000000,DISTRICT,Chikmagalur,Rural,218247,898453,447545,450908,82205,41714,40491,218406,107779,110627,40142,19627,20515,628083,340186,287897,270370,107359,163011
29,570,00000,000000,0000,000000,DISTRICT,Chikmagalur,Urban,57838,239508,119077,120431,23123,11779,11344,35245,17237,18008,4828,2363,2465,190262,98071,92191,49246,21006,28240
29,571,00000,000000,0000,000000,DISTRICT,Tumkur,Total,640081,2678980,1350594,1328386,265742,135671,130071,506901,254535,252366,209559,105265,104294,1813391,1006024,807367,865589,344570,521019
29,571,00000,000000,0000,000000,DISTRICT,Tumkur,Rural,497521,2079902,1048710,1031192,203685,103989,99696,429957,215949,214008,180024,90558,89466,1344438,760322,584116,735464,288388,447076
29,571,00000,000000,0000,000000,DISTRICT,Tumkur,Urban,142560,599078,301884,297194,62057,31682,30375,76944,38586,38358,29535,14707,14828,468953,245702,223251,130125,56182,73943
29,572,00000,000000,0000,000000,DISTRICT,Bangalore,Total,2393845,9621551,5022661,4598890,1052837,541656,511181,1198385,607725,590660,190239,99164,91075,7512276,4078041,3434235,2109275,944620,1164655
29,572,00000,000000,0000,000000,DISTRICT,Bangalore,Rural,213207,871607,464256,407351,100793,51616,49177,199870,101739,98131,28415,14940,13475,602859,348826,254033,268748,115430,153318
29,572,00000,000000,0000,000000,DISTRICT,Bangalore,Urban,2180638,8749944,4558405,4191539,952044,490040,462004,998515,505986,492529,161824,84224,77600,6909417,3729215,3180202,1840527,829190,1011337
29,573,00000,000000,0000,000000,DISTRICT,Mandya,Total,428625,1805769,905085,900684,172685,89063,83622,265294,131675,133619,22402,11310,11092,1149649,638668,510981,656120,266417,389703
29,573,00000,000000,0000,000000,DISTRICT,Mandya,Rural,355271,1497407,751243,746164,141058,72792,68266,221943,110241,111702,17361,8814,8547,919289,517904,401385,578118,233339,344779
29,573,00000,000000,0000,000000,DISTRICT,Mandya,Urban,73354,308362,153842,154520,31627,16271,15356,43351,21434,21917,5041,2496,2545,230360,120764,109596,78002,33078,44924
29,574,00000,000000,0000,000000,DISTRICT,Hassan,Total,433453,1776421,883667,892754,165637,83971,81666,345031,169961,175070,32329,15986,16343,1225256,668836,556420,551165,214831,336334
29,574,00000,000000,0000,000000,DISTRICT,Hassan,Rural,341634,1399658,695583,704075,128037,64762,63275,298013,146830,151183,27896,13779,14117,925571,513580,411991,474087,182003,292084
29,574,00000,000000,0000,000000,DISTRICT,Hassan,Urban,91819,376763,188084,188679,37600,19209,18391,47018,23131,23887,4433,2207,2226,299685,155256,144429,77078,32828,44250
29,575,00000,000000,0000,000000,DISTRICT,Dakshina Kannada,Total,439733,2089649,1034714,1054935,208297,106985,101312,148178,73324,74854,82268,40961,41307,1666323,864019,802304,423326,170695,252631
29,575,00000,000000,0000,000000,DISTRICT,Dakshina Kannada,Rural,225243,1093563,541484,552079,111076,56932,54144,102737,51082,51655,65844,32782,33062,838316,440804,397512,255247,100680,154567
29,575,00000,000000,0000,000000,DISTRICT,Dakshina Kannada,Urban,214490,996086,493230,502856,97221,50053,47168,45441,22242,23199,16424,8179,8245,828007,423215,404792,168079,70015,98064
29,576,00000,000000,0000,000000,DISTRICT,Kodagu,Total,142716,554519,274608,279911,54733,27676,27057,73584,35759,37825,58054,28510,29544,412877,215302,197575,141642,59306,82336
29,576,00000,000000,0000,000000,DISTRICT,Kodagu,Rural,121989,473531,234161,239370,46781,23648,23133,64618,31359,33259,56298,27643,28655,346061,180920,165141,127470,53241,74229
29,576,00000,000000,0000,000000,DISTRICT,Kodagu,Urban,20727,80988,40447,40541,7952,4028,3924,8966,4400,4566,1756,867,889,66816,34382,32434,14172,6065,8107
29,577,00000,000000,0000,000000,DISTRICT,Mysore,Total,700968,3001127,1511600,1489527,305561,155807,149754,536643,269331,267312,334547,166697,167850,1962180,1063766,898414,1038947,447834,591113
29,577,00000,000000,0000,000000,DISTRICT,Mysore,Rural,406952,1755714,887500,868214,184028,93757,90271,380388,191232,189156,257081,128281,128800,994670,560734,433936,761044,326766,434278
29,577,00000,000000,0000,000000,DISTRICT,Mysore,Urban,294016,1245413,624100,621313,121533,62050,59483,156255,78099,78156,77466,38416,39050,967510,503032,464478,277903,121068,156835
29,578,00000,000000,0000,000000,DISTRICT,Chamarajanagar,Total,244874,1020791,512231,508560,100648,51529,49119,259445,130894,128551,120219,59369,60850,565279,312957,252322,455512,199274,256238
29,578,00000,000000,0000,000000,DISTRICT,Chamarajanagar,Rural,204137,845817,424884,420933,82603,42281,40322,221650,111886,109764,96434,47749,48685,442260,247909,194351,403557,176975,226582
29,578,00000,000000,0000,000000,DISTRICT,Chamarajanagar,Urban,40737,174974,87347,87627,18045,9248,8797,37795,19008,18787,23785,11620,12165,123019,65048,57971,51955,22299,29656
29,579,00000,000000,0000,000000,DISTRICT,Gulbarga,Total,471601,2566326,1301755,1264571,365372,188076,177296,648782,330091,318691,65259,32830,32429,1427368,828359,599009,1138958,473396,665562
29,579,00000,000000,0000,000000,DISTRICT,Gulbarga,Rural,312880,1730775,877144,853631,254972,131174,123798,489697,249515,240182,50074,25232,24842,857328,515350,341978,873447,361794,511653
29,579,00000,000000,0000,000000,DISTRICT,Gulbarga,Urban,158721,835551,424611,410940,110400,56902,53498,159085,80576,78509,15185,7598,7587,570040,313009,257031,265511,111602,153909
29,580,00000,000000,0000,000000,DISTRICT,Yadgir,Total,202063,1174271,590329,583942,190279,97522,92757,273315,137204,136111,146849,73564,73285,510003,306751,203252,664268,283578,380690
29,580,00000,000000,0000,000000,DISTRICT,Yadgir,Rural,162187,953594,479078,474516,158127,80922,77205,241721,121312,120409,128724,64574,64150,374244,230998,143246,579350,248080,331270
29,580,00000,000000,0000,000000,DISTRICT,Yadgir,Urban,39876,220677,111251,109426,32152,16600,15552,31594,15892,15702,18125,8990,9135,135759,75753,60006,84918,35498,49420
29,581,00000,000000,0000,000000,DISTRICT,Kolar,Total,333348,1536401,776396,760005,170423,86845,83578,465867,232546,233321,78875,39997,38878,1016219,564110,452109,520182,212286,307896
29,581,00000,000000,0000,000000,DISTRICT,Kolar,Rural,227058,1056328,535431,520897,116231,59459,56772,327424,164018,163406,72143,36448,35695,649421,371785,277636,406907,163646,243261
29,581,00000,000000,0000,000000,DISTRICT,Kolar,Urban,106290,480073,240965,239108,54192,27386,26806,138443,68528,69915,6732,3549,3183,366798,192325,174473,113275,48640,64635
29,582,00000,000000,0000,000000,DISTRICT,Chikkaballapura,Total,284698,1255104,636437,618667,132286,67734,64552,312565,157628,154937,156487,79156,77331,783222,442158,341064,471882,194279,277603
29,582,00000,000000,0000,000000,DISTRICT,Chikkaballapura,Rural,220987,973985,494463,479522,100028,51117,48911,272891,137654,135237,139201,70304,68897,580231,334340,245891,393754,160123,233631
29,582,00000,000000,0000,000000,DISTRICT,Chikkaballapura,Urban,63711,281119,141974,139145,32258,16617,15641,39674,19974,19700,17286,8852,8434,202991,107818,95173,78128,34156,43972
29,583,00000,000000,0000,000000,DISTRICT,Bangalore Rural,Total,229279,990923,509172,481751,107062,54908,52154,213700,107424,106276,52903,27147,25756,688749,385311,303438,302174,123861,178313
29,583,00000,000000,0000,000000,DISTRICT,Bangalore Rural,Rural,164814,722179,371369,350810,77405,39747,37658,181501,91184,90317,44412,22809,21603,484632,275457,209175,237547,95912,141635
29,583,00000,000000,0000,000000,DISTRICT,Bangalore Rural,Urban,64465,268744,137803,130941,29657,15161,14496,32199,16240,15959,8491,4338,4153,204117,109854,94263,64627,27949,36678
29,584,00000,000000,0000,000000,DISTRICT,Ramanagara,Total,260533,1082636,548008,534628,107841,54963,52878,203819,102612,101207,22946,11619,11327,674758,378461,296297,407878,169547,238331
29,584,00000,000000,0000,000000,DISTRICT,Ramanagara,Rural,199673,814877,412438,402439,77329,39425,37904,164788,83140,81648,19163,9693,9470,481311,275870,205441,333566,136568,196998
29,584,00000,000000,0000,000000,DISTRICT,Ramanagara,Urban,60860,267759,135570,132189,30512,15538,14974,39031,19472,19559,3783,1926,1857,193447,102591,90856,74312,32979,41333
30,000,00000,000000,0000,000000,STATE,GOA,Total,343611,1458545,739140,719405,144611,74460,70151,25449,12627,12822,149275,72948,76327,1165487,615823,549664,293058,123317,169741
30,000,00000,000000,0000,000000,STATE,GOA,Rural,128208,551731,275436,276295,54014,27772,26242,9461,4634,4827,87639,43263,44376,431271,227143,204128,120460,48293,72167
30,000,00000,000000,0000,000000,STATE,GOA,Urban,215403,906814,463704,443110,90597,46688,43909,15988,7993,7995,61636,29685,31951,734216,388680,345536,172598,75024,97574
30,585,00000,000000,0000,000000,DISTRICT,North Goa,Total,191766,818008,416677,401331,77705,40081,37624,17606,8712,8894,56606,27824,28782,663060,351738,311322,154948,64939,90009
30,585,00000,000000,0000,000000,DISTRICT,North Goa,Rural,74704,324927,163908,161019,30735,15880,14855,7843,3837,4006,27694,13600,14094,258627,137585,121042,66300,26323,39977
30,585,00000,000000,0000,000000,DISTRICT,North Goa,Urban,117062,493081,252769,240312,46970,24201,22769,9763,4875,4888,28912,14224,14688,404433,214153,190280,88648,38616,50032
30,586,00000,000000,0000,000000,DISTRICT,South Goa,Total,151845,640537,322463,318074,66906,34379,32527,7843,3915,3928,92669,45124,47545,502427,264085,238342,138110,58378,79732
30,586,00000,000000,0000,000000,DISTRICT,South Goa,Rural,53504,226804,111528,115276,23279,11892,11387,1618,797,821,59945,29663,30282,172644,89558,83086,54160,21970,32190
30,586,00000,000000,0000,000000,DISTRICT,South Goa,Urban,98341,413733,210935,202798,43627,22487,21140,6225,3118,3107,32724,15461,17263,329783,174527,155256,83950,36408,47542
31,000,00000,000000,0000,000000,STATE,LAKSHADWEEP,Total,11574,64473,33123,31350,7255,3797,3458,0,0,0,61120,30515,30605,52553,28023,24530,11920,5100,6820
31,000,00000,000000,0000,000000,STATE,LAKSHADWEEP,Rural,2710,14141,7243,6898,1815,950,865,0,0,0,13463,6752,6711,11288,5949,5339,2853,1294,1559
31,000,00000,000000,0000,000000,STATE,LAKSHADWEEP,Urban,8864,50332,25880,24452,5440,2847,2593,0,0,0,47657,23763,23894,41265,22074,19191,9067,3806,5261
31,587,00000,000000,0000,000000,DISTRICT,Lakshadweep,Total,11574,64473,33123,31350,7255,3797,3458,0,0,0,61120,30515,30605,52553,28023,24530,11920,5100,6820
31,587,00000,000000,0000,000000,DISTRICT,Lakshadweep,Rural,2710,14141,7243,6898,1815,950,865,0,0,0,13463,6752,6711,11288,5949,5339,2853,1294,1559
31,587,00000,000000,0000,000000,DISTRICT,Lakshadweep,Urban,8864,50332,25880,24452,5440,2847,2593,0,0,0,47657,23763,23894,41265,22074,19191,9067,3806,5261
32,000,00000,000000,0000,000000,STATE,KERALA,Total,7853754,33406061,16027412,17378649,3472955,1768244,1704711,3039573,1477808,1561765,484839,238203,246636,28135824,13704903,14430921,5270237,2322509,2947728
32,000,00000,000000,0000,000000,STATE,KERALA,Rural,4149641,17471135,8408054,9063081,1823664,927888,895776,1818281,883819,934462,433092,213208,219884,14549320,7132430,7416890,2921815,1275624,1646191
32,000,00000,000000,0000,000000,STATE,KERALA,Urban,3704113,15934926,7619358,8315568,1649291,840356,808935,1221292,593989,627303,51747,24995,26752,13586504,6572473,7014031,2348422,1046885,1301537
32,588,00000,000000,0000,000000,DISTRICT,Kasaragod,Total,273410,1307375,628613,678762,155807,79460,76347,53283,26385,26898,48857,23950,24907,1037492,516476,521016,269883,112137,157746
32,588,00000,000000,0000,000000,DISTRICT,Kasaragod,Rural,169240,798328,387716,410612,91832,46719,45113,34522,17207,17315,46094,22674,23420,628032,317690,310342,170296,70026,100270
32,588,00000,000000,0000,000000,DISTRICT,Kasaragod,Urban,104170,509047,240897,268150,63975,32741,31234,18761,9178,9583,2763,1276,1487,409460,198786,210674,99587,42111,57476
32,589,00000,000000,0000,000000,DISTRICT,Kannur,Total,554298,2523003,1181446,1341557,274318,139159,135159,83350,40260,43090,41371,20141,21230,2138434,1012956,1125478,384569,168490,216079
32,589,00000,000000,0000,000000,DISTRICT,Kannur,Rural,202229,882017,425682,456335,95223,48428,46795,23562,11505,12057,36302,17699,18603,736967,363030,373937,145050,62652,82398
32,589,00000,000000,0000,000000,DISTRICT,Kannur,Urban,352069,1640986,755764,885222,179095,90731,88364,59788,28755,31033,5069,2442,2627,1401467,649926,751541,239519,105838,133681
32,590,00000,000000,0000,000000,DISTRICT,Wayanad,Total,190894,817420,401684,415736,92324,46994,45330,32578,16406,16172,151443,74476,76967,645585,328136,317449,171835,73548,98287
32,590,00000,000000,0000,000000,DISTRICT,Wayanad,Rural,183375,785840,386283,399557,88727,45158,43569,30378,15281,15097,148215,73011,75204,620070,315367,304703,165770,70916,94854
32,590,00000,000000,0000,000000,DISTRICT,Wayanad,Urban,7519,31580,15401,16179,3597,1836,1761,2200,1125,1075,3228,1465,1763,25515,12769,12746,6065,2632,3433
32,591,00000,000000,0000,000000,DISTRICT,Kozhikode,Total,697710,3086293,1470942,1615351,335645,170429,165216,199191,97279,101912,15228,7429,7799,2615443,1266939,1348504,470850,204003,266847
32,591,00000,000000,0000,000000,DISTRICT,Kozhikode,Rural,235703,1013721,484784,528937,114602,58254,56348,75490,37017,38473,9555,4700,4855,849378,414396,434982,164343,70388,93955
32,591,00000,000000,0000,000000,DISTRICT,Kozhikode,Urban,462007,2072572,986158,1086414,221043,112175,108868,123701,60262,63439,5673,2729,2944,1766065,852543,913522,306507,133615,172892
32,592,00000,000000,0000,000000,DISTRICT,Malappuram,Total,793999,4112920,1960328,2152592,574041,292132,281909,308266,151557,156709,22990,11272,11718,3311315,1597404,1713911,801605,362924,438681
32,592,00000,000000,0000,000000,DISTRICT,Malappuram,Rural,448037,2295709,1095308,1200401,320051,162918,157133,192270,94367,97903,18247,8927,9320,1838508,888731,949777,457201,206577,250624
32,592,00000,000000,0000,000000,DISTRICT,Malappuram,Urban,345962,1817211,865020,952191,253990,129214,124776,115996,57190,58806,4743,2345,2398,1472807,708673,764134,344404,156347,188057
32,593,00000,000000,0000,000000,DISTRICT,Palakkad,Total,637220,2809934,1359478,1450456,302297,153696,148601,403833,197451,206382,48972,24314,24658,2239492,1122600,1116892,570442,236878,333564
32,593,00000,000000,0000,000000,DISTRICT,Palakkad,Rural,482285,2133124,1031466,1101658,231892,117763,114129,322951,157892,165059,47023,23317,23706,1678895,843855,835040,454229,187611,266618
32,593,00000,000000,0000,000000,DISTRICT,Palakkad,Urban,154935,676810,328012,348798,70405,35933,34472,80882,39559,41323,1949,997,952,560597,278745,281852,116213,49267,66946
32,594,00000,000000,0000,000000,DISTRICT,Thrissur,Total,759210,3121200,1480763,1640437,303950,155862,148088,324350,156480,167870,9430,4362,5068,2678548,1282261,1396287,442652,198502,244150
32,594,00000,000000,0000,000000,DISTRICT,Thrissur,Rural,250877,1024794,488303,536491,100977,51631,49346,121839,58615,63224,5859,2718,3141,865471,418620,446851,159323,69683,89640
32,594,00000,000000,0000,000000,DISTRICT,Thrissur,Urban,508333,2096406,992460,1103946,202973,104231,98742,202511,97865,104646,3571,1644,1927,1813077,863641,949436,283329,128819,154510
32,595,00000,000000,0000,000000,DISTRICT,Ernakulam,Total,814011,3282388,1619557,1662831,304242,155182,149060,268411,131573,136838,16559,8349,8210,2855676,1425723,1429953,426712,193834,232878
32,595,00000,000000,0000,000000,DISTRICT,Ernakulam,Rural,259915,1048025,518510,529515,93614,47778,45836,102403,50258,52145,8324,4225,4099,908408,455970,452438,139617,62540,77077
32,595,00000,000000,0000,000000,DISTRICT,Ernakulam,Urban,554096,2234363,1101047,1133316,210628,107404,103224,166008,81315,84693,8235,4124,4111,1947268,969753,977515,287095,131294,155801
32,596,00000,000000,0000,000000,DISTRICT,Idukki ,Total,279812,1108974,552808,556166,105641,53785,51856,145486,72399,73087,55815,27995,27820,923010,471881,451129,185964,80927,105037
32,596,00000,000000,0000,000000,DISTRICT,Idukki ,Rural,267208,1056929,527245,529684,100459,51160,49299,143340,71354,71986,55243,27735,27508,878211,449642,428569,178718,77603,101115
32,596,00000,000000,0000,000000,DISTRICT,Idukki ,Urban,12604,52045,25563,26482,5182,2625,2557,2146,1045,1101,572,260,312,44799,22239,22560,7246,3324,3922
32,597,00000,000000,0000,000000,DISTRICT,Kottayam,Total,487296,1974551,968289,1006262,174486,88823,85663,153909,75503,78406,21972,10974,10998,1749798,861592,888206,224753,106697,118056
32,597,00000,000000,0000,000000,DISTRICT,Kottayam,Rural,346899,1409158,692673,716485,125143,63745,61398,119360,58557,60803,19698,9850,9848,1246775,615451,631324,162383,77222,85161
32,597,00000,000000,0000,000000,DISTRICT,Kottayam,Urban,140397,565393,275616,289777,49343,25078,24265,34549,16946,17603,2274,1124,1150,503023,246141,256882,62370,29475,32895
32,598,00000,000000,0000,000000,DISTRICT,Alappuzha,Total,535958,2127789,1013142,1114647,192046,98444,93602,201211,97183,104028,6574,3175,3399,1852797,890552,962245,274992,122590,152402
32,598,00000,000000,0000,000000,DISTRICT,Alappuzha,Rural,248616,979643,464713,514930,89414,45728,43686,111931,53941,57990,2961,1440,1521,852470,407413,445057,127173,57300,69873
32,598,00000,000000,0000,000000,DISTRICT,Alappuzha,Urban,287342,1148146,548429,599717,102632,52716,49916,89280,43242,46038,3613,1735,1878,1000327,483139,517188,147819,65290,82529
32,599,00000,000000,0000,000000,DISTRICT,Pathanamthitta,Total,322684,1197412,561716,635696,96837,49002,47835,164465,78942,85523,8108,3947,4161,1062553,499181,563372,134859,62535,72324
32,599,00000,000000,0000,000000,DISTRICT,Pathanamthitta,Rural,287615,1065799,499820,565979,86181,43601,42580,151844,72784,79060,7663,3732,3931,945351,444022,501329,120448,55798,64650
32,599,00000,000000,0000,000000,DISTRICT,Pathanamthitta,Urban,35069,131613,61896,69717,10656,5401,5255,12621,6158,6463,445,215,230,117202,55159,62043,14411,6737,7674
32,600,00000,000000,0000,000000,DISTRICT,Kollam,Total,669375,2635375,1246968,1388407,254260,128899,125361,328263,157801,170462,10761,5195,5566,2240273,1074345,1165928,395102,172623,222479
32,600,00000,000000,0000,000000,DISTRICT,Kollam,Rural,376679,1448217,680687,767530,137559,69705,67854,208474,99761,108713,7886,3821,4065,1233362,587387,645975,214855,93300,121555
32,600,00000,000000,0000,000000,DISTRICT,Kollam,Urban,292696,1187158,566281,620877,116701,59194,57507,119789,58040,61749,2875,1374,1501,1006911,486958,519953,180247,79323,100924
32,601,00000,000000,0000,000000,DISTRICT,Thiruvananthapuram,Total,837877,3301427,1581678,1719749,307061,156377,150684,372977,178589,194388,26759,12624,14135,2785408,1354857,1430551,516019,226821,289198
32,601,00000,000000,0000,000000,DISTRICT,Thiruvananthapuram,Rural,390963,1529831,724864,804967,147990,75300,72690,179917,85280,94637,20022,9359,10663,1267422,610856,656566,262409,114008,148401
32,601,00000,000000,0000,000000,DISTRICT,Thiruvananthapuram,Urban,446914,1771596,856814,914782,159071,81077,77994,193060,93309,99751,6737,3265,3472,1517986,744001,773985,253610,112813,140797
33,000,00000,000000,0000,000000,STATE,TAMIL NADU,Total,18524982,72147030,36137975,36009055,7423832,3820276,3603556,14438445,7204687,7233758,794697,401068,393629,51837507,28040491,23797016,20309523,8097484,12212039
33,000,00000,000000,0000,000000,STATE,TAMIL NADU,Rural,9528495,37229590,18679065,18550525,3911302,2020550,1890752,9475475,4736003,4739472,660280,333178,327102,24502195,13665839,10836356,12727395,5013226,7714169
33,000,00000,000000,0000,000000,STATE,TAMIL NADU,Urban,8996487,34917440,17458910,17458530,3512530,1799726,1712804,4962970,2468684,2494286,134417,67890,66527,27335312,14374652,12960660,7582128,3084258,4497870
33,602,00000,000000,0000,000000,DISTRICT,Thiruvallur,Total,946949,3728104,1876062,1852042,405669,208449,197220,821646,410526,411120,47243,23692,23551,2791721,1495711,1296010,936383,380351,556032
33,602,00000,000000,0000,000000,DISTRICT,Thiruvallur,Rural,331697,1299709,650462,649247,141907,72902,69005,451999,225349,226650,35044,17521,17523,859700,476199,383501,440009,174263,265746
33,602,00000,000000,0000,000000,DISTRICT,Thiruvallur,Urban,615252,2428395,1225600,1202795,263762,135547,128215,369647,185177,184470,12199,6171,6028,1932021,1019512,912509,496374,206088,290286
33,603,00000,000000,0000,000000,DISTRICT,Chennai,Total,1154982,4646732,2335844,2310888,459324,235519,223805,779667,389001,390666,10061,5207,4854,3776276,1968079,1808197,870456,367765,502691
33,603,00000,000000,0000,000000,DISTRICT,Chennai,Rural,0,0,0,0,0,0,0,0,0,0,0,0,0,0,0,0,0,0,0
33,603,00000,000000,0000,000000,DISTRICT,Chennai,Urban,1154982,4646732,2335844,2310888,459324,235519,223805,779667,389001,390666,10061,5207,4854,3776276,1968079,1808197,870456,367765,502691
33,604,00000,000000,0000,000000,DISTRICT,Kancheepuram,Total,1006245,3998252,2012958,1985294,431574,220341,211233,948081,474264,473817,41210,20605,20605,3013382,1611461,1401921,984870,401497,583373
33,604,00000,000000,0000,000000,DISTRICT,Kancheepuram,Rural,361365,1459916,734979,724937,158626,80899,77727,550997,275720,275277,27057,13486,13571,988378,546994,441384,471538,187985,283553
33,604,00000,000000,0000,000000,DISTRICT,Kancheepuram,Urban,644880,2538336,1277979,1260357,272948,139442,133506,397084,198544,198540,14153,7119,7034,2025004,1064467,960537,513332,213512,299820
33,605,00000,000000,0000,000000,DISTRICT,Vellore,Total,929281,3936331,1961688,1974643,432550,222460,210090,860212,424668,435544,72955,36663,36292,2773928,1504355,1269573,1162403,457333,705070
33,605,00000,000000,0000,000000,DISTRICT,Vellore,Rural,536706,2234344,1117101,1117243,249146,128558,120588,547724,271717,276007,65015,32675,32340,1482931,824307,658624,751413,292794,458619
33,605,00000,000000,0000,000000,DISTRICT,Vellore,Urban,392575,1701987,844587,857400,183404,93902,89502,312488,152951,159537,7940,3988,3952,1290997,680048,610949,410990,164539,246451
33,606,00000,000000,0000,000000,DISTRICT,Tiruvannamalai,Total,588836,2464875,1235889,1228986,272569,141205,131364,565329,282615,282714,90954,45956,44998,1626813,909803,717010,838062,326086,511976
33,606,00000,000000,0000,000000,DISTRICT,Tiruvannamalai,Rural,472689,1969930,989726,980204,220384,114349,106035,493925,247457,246468,86775,43864,42911,1253098,710665,542433,716832,279061,437771
33,606,00000,000000,0000,000000,DISTRICT,Tiruvannamalai,Urban,116147,494945,246163,248782,52185,26856,25329,71404,35158,36246,4179,2092,2087,373715,199138,174577,121230,47025,74205
33,607,00000,000000,0000,000000,DISTRICT,Viluppuram,Total,800368,3458873,1740819,1718054,404106,208246,195860,1015716,510869,504847,74859,37570,37289,2195776,1234479,961297,1263097,506340,756757
33,607,00000,000000,0000,000000,DISTRICT,Viluppuram,Rural,678847,2939785,1481475,1458310,347396,179154,168242,924896,465644,459252,71370,35789,35581,1803943,1025617,778326,1135842,455858,679984
33,607,00000,000000,0000,000000,DISTRICT,Viluppuram,Urban,121521,519088,259344,259744,56710,29092,27618,90820,45225,45595,3489,1781,1708,391833,208862,182971,127255,50482,76773
33,608,00000,000000,0000,000000,DISTRICT,Salem,Total,915967,3482056,1781571,1700485,344960,180002,164958,580512,294062,286450,119369,60489,58880,2285562,1285107,1000455,1196494,496464,700030
33,608,00000,000000,0000,000000,DISTRICT,Salem,Rural,452023,1707934,883274,824660,173421,91351,82070,318693,162603,156090,110233,55806,54427,1008761,590535,418226,699173,292739,406434
33,608,00000,000000,0000,000000,DISTRICT,Salem,Urban,463944,1774122,898297,875825,171539,88651,82888,261819,131459,130360,9136,4683,4453,1276801,694572,582229,497321,203725,293596
33,609,00000,000000,0000,000000,DISTRICT,Namakkal   ,Total,475511,1726601,869280,857321,150699,78754,71945,345392,173973,171419,57059,29383,27676,1176131,653312,522819,550470,215968,334502
33,609,00000,000000,0000,000000,DISTRICT,Namakkal   ,Rural,283248,1030476,520684,509792,88858,46845,42013,244098,122948,121150,55326,28491,26835,671793,380075,291718,358683,140609,218074
33,609,00000,000000,0000,000000,DISTRICT,Namakkal   ,Urban,192263,696125,348596,347529,61841,31909,29932,101294,51025,50269,1733,892,841,504338,273237,231101,191787,75359,116428
33,610,00000,000000,0000,000000,DISTRICT,Erode,Total,658071,2251744,1129868,1121876,195213,99943,95270,369483,184408,185075,21880,11024,10856,1492662,828300,664362,759082,301568,457514
33,610,00000,000000,0000,000000,DISTRICT,Erode,Rural,323502,1093768,552393,541375,92254,47390,44864,215316,107703,107613,20025,10068,9957,655046,375974,279072,438722,176419,262303
33,610,00000,000000,0000,000000,DISTRICT,Erode,Urban,334569,1157976,577475,580501,102959,52553,50406,154167,76705,77462,1855,956,899,837616,452326,385290,320360,125149,195211
33,611,00000,000000,0000,000000,DISTRICT,The Nilgiris,Total,197653,735394,360143,375251,66799,33648,33151,235878,115917,119961,32813,16091,16722,569647,299447,270200,165747,60696,105051
33,611,00000,000000,0000,000000,DISTRICT,The Nilgiris,Rural,83021,299739,145909,153830,26292,13212,13080,86753,42691,44062,22752,11167,11585,221955,118463,103492,77784,27446,50338
33,611,00000,000000,0000,000000,DISTRICT,The Nilgiris,Urban,114632,435655,214234,221421,40507,20436,20071,149125,73226,75899,10061,4924,5137,347692,180984,166708,87963,33250,54713
33,612,00000,000000,0000,000000,DISTRICT,Dindigul,Total,560773,2159775,1080938,1078837,216576,111955,104621,452376,225573,226803,8064,4095,3969,1481834,816180,665654,677941,264758,413183
33,612,00000,000000,0000,000000,DISTRICT,Dindigul,Rural,350970,1351735,678605,673130,137539,71395,66144,310601,155203,155398,4521,2294,2227,870271,491736,378535,481464,186869,294595
33,612,00000,000000,0000,000000,DISTRICT,Dindigul,Urban,209803,808040,402333,405707,79037,40560,38477,141775,70370,71405,3543,1801,1742,611563,324444,287119,196477,77889,118588
33,613,00000,000000,0000,000000,DISTRICT,Karur ,Total,287095,1064493,528184,536309,102731,52969,49762,221385,108809,112576,575,297,278,727044,401726,325318,337449,126458,210991
33,613,00000,000000,0000,000000,DISTRICT,Karur ,Rural,168396,629976,312628,317348,61264,31442,29822,152799,75149,77650,191,101,90,394134,224431,169703,235842,88197,147645
33,613,00000,000000,0000,000000,DISTRICT,Karur ,Urban,118699,434517,215556,218961,41467,21527,19940,68586,33660,34926,384,196,188,332910,177295,155615,101607,38261,63346
33,614,00000,000000,0000,000000,DISTRICT,Tiruchirappalli,Total,698404,2722290,1352284,1370006,272456,139946,132510,466561,230790,235771,18198,9414,8784,2038981,1087765,951216,683309,264519,418790
33,614,00000,000000,0000,000000,DISTRICT,Tiruchirappalli,Rural,357244,1384257,688552,695705,145260,74986,70274,287702,141797,145905,13784,7171,6613,950242,524233,426009,434015,164319,269696
33,614,00000,000000,0000,000000,DISTRICT,Tiruchirappalli,Urban,341160,1338033,663732,674301,127196,64960,62236,178859,88993,89866,4414,2243,2171,1088739,563532,525207,249294,100200,149094
33,615,00000,000000,0000,000000,DISTRICT,Perambalur  ,Total,149243,565223,282157,283066,59567,31135,28432,175289,87444,87845,2584,1292,1292,375823,208011,167812,189400,74146,115254
33,615,00000,000000,0000,000000,DISTRICT,Perambalur  ,Rural,123945,468060,233926,234134,49368,25880,23488,150504,75254,75250,2156,1086,1070,301716,169106,132610,166344,64820,101524
33,615,00000,000000,0000,000000,DISTRICT,Perambalur  ,Urban,25298,97163,48231,48932,10199,5255,4944,24785,12190,12595,428,206,222,74107,38905,35202,23056,9326,13730
33,616,00000,000000,0000,000000,DISTRICT,Ariyalur  ,Total,197090,754894,374703,380191,81187,42808,38379,176230,88076,88154,10722,5274,5448,480604,269582,211022,274290,105121,169169
33,616,00000,000000,0000,000000,DISTRICT,Ariyalur  ,Rural,175903,671100,333253,337847,72575,38306,34269,163770,81857,81913,9946,4897,5049,419413,237071,182342,251687,96182,155505
33,616,00000,000000,0000,000000,DISTRICT,Ariyalur  ,Urban,21187,83794,41450,42344,8612,4502,4110,12460,6219,6241,776,377,399,61191,32511,28680,22603,8939,13664
33,617,00000,000000,0000,000000,DISTRICT,Cuddalore,Total,635578,2605914,1311697,1294217,279950,147644,132306,763944,383943,380001,15702,7943,7759,1815281,1000322,814959,790633,311375,479258
33,617,00000,000000,0000,000000,DISTRICT,Cuddalore,Rural,423473,1720725,868861,851864,192701,102525,90176,609922,307009,302913,9923,4974,4949,1126045,634883,491162,594680,233978,360702
33,617,00000,000000,0000,000000,DISTRICT,Cuddalore,Urban,212105,885189,442836,442353,87249,45119,42130,154022,76934,77088,5779,2969,2810,689236,365439,323797,195953,77397,118556
33,618,00000,000000,0000,000000,DISTRICT,Nagapattinam  ,Total,413837,1616450,798127,818323,165245,84335,80910,509767,252332,257435,3756,1847,1909,1213008,640916,572092,403442,157211,246231
33,618,00000,000000,0000,000000,DISTRICT,Nagapattinam  ,Rural,323350,1251826,619369,632457,127738,65223,62515,459236,227905,231331,2210,1090,1120,921786,491270,430516,330040,128099,201941
33,618,00000,000000,0000,000000,DISTRICT,Nagapattinam  ,Urban,90487,364624,178758,185866,37507,19112,18395,50531,24427,26104,1546,757,789,291222,149646,141576,73402,29112,44290
33,619,00000,000000,0000,000000,DISTRICT,Thiruvarur,Total,327219,1264277,626693,637584,121973,62280,59693,430927,214717,216210,3034,1466,1568,946471,503085,443386,317806,123608,194198
33,619,00000,000000,0000,000000,DISTRICT,Thiruvarur,Rural,261999,1006482,499954,506528,96687,49422,47265,388740,193888,194852,939,461,478,737887,396275,341612,268595,103679,164916
33,619,00000,000000,0000,000000,DISTRICT,Thiruvarur,Urban,65220,257795,126739,131056,25286,12858,12428,42187,20829,21358,2095,1005,1090,208584,106810,101774,49211,19929,29282
33,620,00000,000000,0000,000000,DISTRICT,Thanjavur,Total,605363,2405890,1182416,1223474,238598,121949,116649,455062,225859,229203,3561,1739,1822,1790998,944264,846734,614892,238152,376740
33,620,00000,000000,0000,000000,DISTRICT,Thanjavur,Rural,391202,1554531,765177,789354,156457,80010,76447,371394,184536,186858,1340,665,675,1104986,593178,511808,449545,171999,277546
33,620,00000,000000,0000,000000,DISTRICT,Thanjavur,Urban,214161,851359,417239,434120,82141,41939,40202,83668,41323,42345,2221,1074,1147,686012,351086,334926,165347,66153,99194
33,621,00000,000000,0000,000000,DISTRICT,Pudukkottai,Total,387679,1618345,803188,815157,179688,91696,87992,284804,141428,143376,1283,647,636,1110545,608776,501769,507800,194412,313388
33,621,00000,000000,0000,000000,DISTRICT,Pudukkottai,Rural,310285,1301991,645505,656486,146031,74377,71654,246531,122184,124347,835,416,419,859683,477058,382625,442308,168447,273861
33,621,00000,000000,0000,000000,DISTRICT,Pudukkottai,Urban,77394,316354,157683,158671,33657,17319,16338,38273,19244,19029,448,231,217,250862,131718,119144,65492,25965,39527
33,622,00000,000000,0000,000000,DISTRICT,Sivaganga,Total,338938,1339101,668672,670429,137235,70022,67213,227746,113599,114147,790,394,396,959744,526304,433440,379357,142368,236989
33,622,00000,000000,0000,000000,DISTRICT,Sivaganga,Rural,234513,926256,462210,464046,95563,48712,46851,184829,92228,92601,491,236,255,629045,352907,276138,297211,109303,187908
33,622,00000,000000,0000,000000,DISTRICT,Sivaganga,Urban,104425,412845,206462,206383,41672,21310,20362,42917,21371,21546,299,158,141,330699,173397,157302,82146,33065,49081
33,623,00000,000000,0000,000000,DISTRICT,Madurai,Total,794887,3038252,1526475,1511777,313978,162517,151461,408976,205098,203878,11096,5622,5474,2273430,1223810,1049620,764822,302665,462157
33,623,00000,000000,0000,000000,DISTRICT,Madurai,Rural,315036,1191451,601247,590204,128452,67137,61315,257852,129515,128337,4866,2487,2379,788090,446459,341631,403361,154788,248573
33,623,00000,000000,0000,000000,DISTRICT,Madurai,Urban,479851,1846801,925228,921573,185526,95380,90146,151124,75583,75541,6230,3135,3095,1485340,777351,707989,361461,147877,213584
33,624,00000,000000,0000,000000,DISTRICT,Theni  ,Total,338112,1245899,625683,620216,119661,61873,57788,258200,129900,128300,1835,954,881,870080,479403,390677,375819,146280,229539
33,624,00000,000000,0000,000000,DISTRICT,Theni  ,Rural,156719,575418,290880,284538,56497,29276,27221,143589,72599,70990,1377,714,663,376650,213570,163080,198768,77310,121458
33,624,00000,000000,0000,000000,DISTRICT,Theni  ,Urban,181393,670481,334803,335678,63164,32597,30567,114611,57301,57310,458,240,218,493430,265833,227597,177051,68970,108081
33,625,00000,000000,0000,000000,DISTRICT,Virudhunagar,Total,537748,1942288,967709,974579,197134,100827,96307,399831,198704,201127,2294,1182,1112,1398788,760375,638413,543500,207334,336166
33,625,00000,000000,0000,000000,DISTRICT,Virudhunagar,Rural,265002,962062,480360,481702,101250,51907,49343,263206,131286,131920,1078,541,537,653219,363736,289483,308843,116624,192219
33,625,00000,000000,0000,000000,DISTRICT,Virudhunagar,Urban,272746,980226,487349,492877,95884,48920,46964,136625,67418,69207,1216,641,575,745569,396639,348930,234657,90710,143947
33,626,00000,000000,0000,000000,DISTRICT,Ramanathapuram,Total,323905,1353445,682658,670787,140644,71705,68939,249008,125015,123993,1105,559,546,978946,536487,442459,374499,146171,228328
33,626,00000,000000,0000,000000,DISTRICT,Ramanathapuram,Rural,228764,942746,474508,468238,96420,49176,47244,205328,102954,102374,501,244,257,651919,362778,289141,290827,111730,179097
33,626,00000,000000,0000,000000,DISTRICT,Ramanathapuram,Urban,95141,410699,208150,202549,44224,22529,21695,43680,22061,21619,604,315,289,327027,173709,153318,83672,34441,49231
33,627,00000,000000,0000,000000,DISTRICT,Thoothukkudi,Total,462010,1750176,865021,885155,183763,93605,90158,347895,172663,175232,4911,2466,2445,1349697,703106,646591,400479,161915,238564
33,627,00000,000000,0000,000000,DISTRICT,Thoothukkudi,Rural,235449,873374,430361,443013,91116,46570,44546,230895,114573,116322,1264,620,644,642686,339739,302947,230688,90622,140066
33,627,00000,000000,0000,000000,DISTRICT,Thoothukkudi,Urban,226561,876802,434660,442142,92647,47035,45612,117000,58090,58910,3647,1846,1801,707011,363367,343644,169791,71293,98498
33,628,00000,000000,0000,000000,DISTRICT,Tirunelveli ,Total,815528,3077233,1520912,1556321,321687,164157,157530,569714,279570,290144,10270,5109,5161,2273457,1210710,1062747,803776,310202,493574
33,628,00000,000000,0000,000000,DISTRICT,Tirunelveli ,Rural,419057,1557004,768728,788276,167364,85353,82011,345247,169385,175862,3822,1923,1899,1100112,592979,507133,456892,175749,281143
33,628,00000,000000,0000,000000,DISTRICT,Tirunelveli ,Urban,396471,1520229,752184,768045,154323,78804,75519,224467,110185,114282,6448,3186,3262,1173345,617731,555614,346884,134453,212431
33,629,00000,000000,0000,000000,DISTRICT,Kanniyakumari,Total,483539,1870374,926345,944029,182350,92835,89515,74249,36817,37432,7282,3554,3728,1548738,780541,768197,321636,145804,175832
33,629,00000,000000,0000,000000,DISTRICT,Kanniyakumari,Rural,85478,330572,164938,165634,33780,17262,16518,18972,9458,9514,3741,1808,1933,269380,136432,132948,61192,28506,32686
33,629,00000,000000,0000,000000,DISTRICT,Kanniyakumari,Urban,398061,1539802,761407,778395,148570,75573,72997,55277,27359,27918,3541,1746,1795,1279358,644109,635249,260444,117298,143146
33,630,00000,000000,0000,000000,DISTRICT,Dharmapuri,Total,375873,1506843,774303,732540,167940,87777,80163,245392,124706,120686,63044,32130,30914,917709,527599,390110,589134,246704,342430
33,630,00000,000000,0000,000000,DISTRICT,Dharmapuri,Rural,310409,1245931,643215,602716,140903,73834,67069,207187,105556,101631,60385,30730,29655,727785,425299,302486,518146,217916,300230
33,630,00000,000000,0000,000000,DISTRICT,Dharmapuri,Urban,65464,260912,131088,129824,27037,13943,13094,38205,19150,19055,2659,1400,1259,189924,102300,87624,70988,28788,42200
33,631,00000,000000,0000,000000,DISTRICT,Krishnagiri,Total,448053,1879809,960232,919577,217323,112832,104491,267386,135474,131912,22388,11419,10969,1187958,667062,520896,691851,293170,398681
33,631,00000,000000,0000,000000,DISTRICT,Krishnagiri,Rural,342859,1451446,742444,709002,166231,86561,79670,217822,110438,107384,21041,10720,10321,865259,494718,370541,586187,247726,338461
33,631,00000,000000,0000,000000,DISTRICT,Krishnagiri,Urban,105194,428363,217788,210575,51092,26271,24821,49564,25036,24528,1347,699,648,322699,172344,150355,105664,45444,60220
33,632,00000,000000,0000,000000,DISTRICT,Coimbatore,Total,958035,3458045,1729297,1728748,319332,163230,156102,535911,266960,268951,28342,14245,14097,2635907,1394790,1241117,822138,334507,487631
33,632,00000,000000,0000,000000,DISTRICT,Coimbatore,Rural,242157,839105,419032,420073,70035,35589,34446,187055,93037,94018,19622,9815,9807,554965,305718,249247,284140,113314,170826
33,632,00000,000000,0000,000000,DISTRICT,Coimbatore,Urban,715878,2618940,1310265,1308675,249297,127641,121656,348856,173923,174933,8720,4430,4290,2080942,1089072,991870,537998,221193,316805
33,633,00000,000000,0000,000000,DISTRICT,Tiruppur,Total,712210,2479052,1246159,1232893,241351,123612,117739,395876,196907,198969,5458,2740,2718,1760566,959623,800943,718486,286536,431950
33,633,00000,000000,0000,000000,DISTRICT,Tiruppur,Rural,283187,957941,479309,478632,79787,40947,38840,237893,118360,119533,2650,1318,1332,611317,343434,267883,346624,135875,210749
33,633,00000,000000,0000,000000,DISTRICT,Tiruppur,Urban,429023,1521111,766850,754261,161564,82665,78899,157983,78547,79436,2808,1422,1386,1149249,616189,533060,371862,150661,221201
34,000,00000,000000,0000,000000,STATE,PUDUCHERRY,Total,302450,1247953,612511,635442,132858,67527,65331,196325,95512,100813,0,0,0,957309,497378,459931,290644,115133,175511
34,000,00000,000000,0000,000000,STATE,PUDUCHERRY,Rural,95018,395200,194907,200293,44514,22798,21716,110425,53793,56632,0,0,0,280882,150490,130392,114318,44417,69901
34,000,00000,000000,0000,000000,STATE,PUDUCHERRY,Urban,207432,852753,417604,435149,88344,44729,43615,85900,41719,44181,0,0,0,676427,346888,329539,176326,70716,105610
34,634,00000,000000,0000,000000,DISTRICT,Yanam,Total,13812,55626,27301,28325,6204,3230,2974,8427,4100,4327,0,0,0,39274,19919,19355,16352,7382,8970
34,634,00000,000000,0000,000000,DISTRICT,Yanam,Rural,0,0,0,0,0,0,0,0,0,0,0,0,0,0,0,0,0,0,0
34,634,00000,000000,0000,000000,DISTRICT,Yanam,Urban,13812,55626,27301,28325,6204,3230,2974,8427,4100,4327,0,0,0,39274,19919,19355,16352,7382,8970
34,635,00000,000000,0000,000000,DISTRICT,Puducherry,Total,231513,950289,468258,482031,99838,50688,49150,152406,74129,78277,0,0,0,726649,380946,345703,223640,87312,136328
34,635,00000,000000,0000,000000,DISTRICT,Puducherry,Rural,69497,293080,144769,148311,33003,16896,16107,85624,41680,43944,0,0,0,203781,110274,93507,89299,34495,54804
34,635,00000,000000,0000,000000,DISTRICT,Puducherry,Urban,162016,657209,323489,333720,66835,33792,33043,66782,32449,34333,0,0,0,522868,270672,252196,134341,52817,81524
34,636,00000,000000,0000,000000,DISTRICT,Mahe,Total,7420,41816,19143,22673,4553,2302,2251,144,77,67,0,0,0,36470,16610,19860,5346,2533,2813
34,636,00000,000000,0000,000000,DISTRICT,Mahe,Rural,0,0,0,0,0,0,0,0,0,0,0,0,0,0,0,0,0,0,0
34,636,00000,000000,0000,000000,DISTRICT,Mahe,Urban,7420,41816,19143,22673,4553,2302,2251,144,77,67,0,0,0,36470,16610,19860,5346,2533,2813
34,637,00000,000000,0000,000000,DISTRICT,Karaikal,Total,49705,200222,97809,102413,22263,11307,10956,35348,17206,18142,0,0,0,154916,79903,75013,45306,17906,27400
34,637,00000,000000,0000,000000,DISTRICT,Karaikal,Rural,25521,102120,50138,51982,11511,5902,5609,24801,12113,12688,0,0,0,77101,40216,36885,25019,9922,15097
34,637,00000,000000,0000,000000,DISTRICT,Karaikal,Urban,24184,98102,47671,50431,10752,5405,5347,10547,5093,5454,0,0,0,77815,39687,38128,20287,7984,12303
35,000,00000,000000,0000,000000,STATE,ANDAMAN & NICOBAR ISLANDS,Total,94551,380581,202871,177710,40878,20770,20108,0,0,0,28530,14731,13799,294281,164377,129904,86300,38494,47806
35,000,00000,000000,0000,000000,STATE,ANDAMAN & NICOBAR ISLANDS,Rural,58530,237093,126287,110806,26415,13370,13045,0,0,0,26715,13837,12878,178025,99960,78065,59068,26327,32741
35,000,00000,000000,0000,000000,STATE,ANDAMAN & NICOBAR ISLANDS,Urban,36021,143488,76584,66904,14463,7400,7063,0,0,0,1815,894,921,116256,64417,51839,27232,12167,15065
35,638,00000,000000,0000,000000,DISTRICT,Nicobars,Total,9288,36842,20727,16115,4389,2256,2133,0,0,0,23681,12198,11483,25332,15397,9935,11510,5330,6180
35,638,00000,000000,0000,000000,DISTRICT,Nicobars,Rural,9288,36842,20727,16115,4389,2256,2133,0,0,0,23681,12198,11483,25332,15397,9935,11510,5330,6180
35,638,00000,000000,0000,000000,DISTRICT,Nicobars,Urban,0,0,0,0,0,0,0,0,0,0,0,0,0,0,0,0,0,0,0
35,639,00000,000000,0000,000000,DISTRICT,North  & Middle Andaman,Total,26199,105597,54861,50736,11828,5991,5837,0,0,0,758,415,343,78683,43186,35497,26914,11675,15239
35,639,00000,000000,0000,000000,DISTRICT,North  & Middle Andaman,Rural,25475,102856,53457,49399,11579,5873,5706,0,0,0,748,410,338,76621,42056,34565,26235,11401,14834
35,639,00000,000000,0000,000000,DISTRICT,North  & Middle Andaman,Urban,724,2741,1404,1337,249,118,131,0,0,0,10,5,5,2062,1130,932,679,274,405
35,640,00000,000000,0000,000000,DISTRICT,South Andaman,Total,59064,238142,127283,110859,24661,12523,12138,0,0,0,4091,2118,1973,190266,105794,84472,47876,21489,26387
35,640,00000,000000,0000,000000,DISTRICT,South Andaman,Rural,23767,97395,52103,45292,10447,5241,5206,0,0,0,2286,1229,1057,76072,42507,33565,21323,9596,11727
35,640,00000,000000,0000,000000,DISTRICT,South Andaman,Urban,35297,140747,75180,65567,14214,7282,6932,0,0,0,1805,889,916,114194,63287,50907,26553,11893,14660
